已知标签	Alpha	Beta	Theta	Delta
6	39.26	17.38	9.56	11.09
6	28.82	17.8	10.44	11.88
6	19.22	17.25	8.83	14.06
6	20.86	18.34	7.4	9.78
6	9.83	19.28	7.16	9.16
6	10.32	18.54	6.75	9.5
6	10.05	19.74	7.05	10.53
6	9.78	19.7	7.39	11.28
6	11.41	16.84	9.85	16.73
6	10.31	16.25	11.08	16.69
6	9.86	14.82	11.21	20.71
6	10.08	15.02	10.1	17.25
6	13.76	14.85	9.1	16.65
6	14.06	15.04	10.41	17.89
6	10.68	15.88	9.6	17.47
6	9.25	17.95	7.67	12.45
6	9.59	17.93	8.65	13.2
6	10.36	17.51	8.83	13.27
6	9.39	17.75	8.48	15.59
6	8.97	17.67	9.21	14.5
6	10.55	16.0	9.21	14.6
6	9.51	19.61	6.62	11.38
6	14.98	14.97	18.32	20.13
6	12.88	15.07	18.38	21.58
6	19.34	13.75	14.85	20.64
6	16.36	14.06	15.74	22.46
6	13.51	15.43	12.49	23.46
6	14.46	14.12	11.79	23.56
6	12.05	14.82	13.63	24.24
6	9.83	14.8	9.89	19.82
6	10.21	14.28	9.91	21.32
6	10.6	16.85	9.22	14.5
6	11.54	14.9	8.22	15.74
6	11.15	15.99	8.67	15.21
6	10.64	16.03	9.38	16.08
6	9.65	16.85	9.39	14.1
6	9.26	17.6	9.2	11.83
6	10.14	17.25	7.76	15.4
6	11.86	16.29	9.79	17.21
6	22.99	14.15	15.3	21.33
6	18.68	13.25	11.54	21.17
6	13.89	14.22	14.03	24.5
6	11.72	14.74	11.58	20.94
6	16.93	12.34	11.47	22.1
6	11.31	15.24	12.05	22.74
6	10.58	15.09	12.58	22.22
6	11.11	13.31	12.72	25.59
6	12.42	15.26	14.68	20.93
6	13.26	14.91	15.14	24.22
6	13.01	15.45	16.77	23.91
6	11.79	17.31	8.14	14.58
6	9.88	17.42	9.09	14.51
6	21.11	12.94	26.16	19.54
6	22.11	12.37	28.77	20.86
6	23.47	12.95	21.58	21.27
6	23.01	12.61	26.8	20.42
6	17.55	11.01	30.14	23.03
6	25.09	12.35	24.14	20.13
6	18.66	13.3	26.38	23.53
6	26.53	12.14	21.9	20.97
6	21.25	12.46	24.21	22.9
6	24.36	11.0	22.55	20.43
6	21.56	12.68	23.68	22.6
6	19.98	12.91	24.3	22.85
6	24.84	12.86	24.7	20.61
6	12.92	9.54	9.23	24.2
6	19.58	11.95	21.27	24.09
6	13.08	10.47	20.72	27.88
6	7.82	6.72	8.25	40.4
6	22.94	12.43	22.37	21.14
6	20.94	11.62	25.45	22.78
6	11.7	8.74	12.55	29.25
6	19.28	12.61	19.99	20.78
6	13.68	8.17	7.74	35.32
6	14.03	8.77	11.05	38.86
6	17.1	9.89	13.61	23.91
6	24.67	11.46	22.33	20.24
6	26.21	12.15	22.65	20.74
6	20.34	10.66	26.45	25.78
6	23.49	12.34	22.68	20.66
6	22.94	11.2	25.85	23.24
6	21.96	11.24	25.1	24.9
6	17.06	12.67	26.6	23.29
6	17.74	11.26	13.74	24.3
6	21.46	12.72	24.46	22.82
6	13.31	17.81	10.09	14.73
6	8.73	15.84	7.7	14.93
6	10.36	17.47	8.98	15.62
6	10.66	17.69	8.95	13.27
6	10.61	17.98	9.54	14.35
6	9.71	17.49	8.63	15.06
6	7.54	8.84	6.26	31.0
6	21.49	12.63	13.18	18.84
6	25.51	14.56	22.53	18.75
6	23.47	14.3	26.23	18.38
6	22.84	13.07	26.81	21.51
6	10.12	8.65	5.6	21.18
6	23.79	13.06	19.29	17.98
6	22.83	12.69	19.22	21.27
6	12.98	10.09	11.24	26.27
6	17.38	10.66	10.35	25.68
6	17.6	11.54	12.59	26.8
6	10.84	8.52	7.03	21.92
6	21.56	11.62	11.0	20.14
6	21.19	13.37	17.06	21.42
6	24.0	12.91	21.42	20.37
6	24.12	12.58	20.82	23.52
6	16.78	14.6	14.84	22.94
6	19.2	12.43	17.58	22.79
6	17.64	10.79	11.01	18.77
6	12.6	11.16	8.31	15.63
6	14.92	10.62	8.88	20.28
6	23.22	12.54	19.47	22.92
6	27.26	14.08	16.98	19.98
6	20.81	11.06	32.23	21.41
6	11.81	22.92	5.64	6.81
6	11.06	22.75	6.71	7.78
6	10.35	22.18	7.01	8.68
6	9.16	22.65	7.24	7.91
6	9.06	20.84	6.51	8.23
6	9.28	21.0	7.18	9.25
6	9.68	20.49	9.54	15.81
6	9.28	15.99	10.28	19.27
6	8.91	19.15	10.16	16.83
6	9.46	19.57	10.2	17.62
6	9.41	16.7	12.15	18.28
6	10.49	18.93	12.06	16.6
6	10.65	19.11	11.22	16.99
6	9.67	18.31	11.63	17.2
6	8.69	18.6	11.93	18.09
6	9.54	17.91	10.79	17.09
6	8.99	19.03	10.31	16.99
6	9.55	20.23	11.58	15.77
6	8.13	20.38	6.76	10.78
6	9.88	21.36	6.46	8.89
6	8.09	20.87	7.01	8.82
6	10.86	20.75	7.14	10.38
6	10.19	21.5	6.51	8.41
6	7.63	7.76	12.42	26.93
6	10.78	16.13	8.03	17.2
6	10.73	16.97	8.85	15.51
6	11.44	15.54	9.63	15.78
6	10.89	16.5	10.16	14.03
6	9.72	12.89	8.72	25.5
6	9.62	6.52	8.29	32.91
6	23.83	13.96	16.3	20.88
6	26.83	13.08	17.86	20.37
6	23.46	11.71	22.3	23.03
6	26.39	12.62	21.4	18.43
6	6.86	7.36	5.33	27.84
6	7.77	8.95	6.85	25.46
6	18.32	14.1	13.55	21.39
6	19.86	13.45	15.37	22.56
6	26.92	12.59	22.2	20.25
6	22.01	11.89	24.91	22.14
6	11.64	18.23	8.46	16.39
6	12.33	22.17	8.23	9.0
6	10.72	20.05	6.92	9.5
6	11.69	21.15	7.36	8.9
6	22.5	12.3	29.16	20.85
6	22.59	12.87	29.75	20.45
6	21.94	13.43	28.45	19.38
6	7.1	7.95	14.59	34.32
6	15.24	8.86	12.49	16.62
6	10.81	21.48	7.52	10.49
6	9.06	19.95	6.56	9.32
6	9.95	22.23	5.81	8.79
6	10.45	19.26	6.92	11.47
6	9.96	20.89	7.08	9.77
6	9.75	21.15	6.48	9.46
6	9.27	21.25	7.01	9.01
6	9.3	19.72	6.77	12.18
6	9.66	20.55	6.69	11.01
6	9.1	20.18	7.2	11.62
6	11.38	22.26	5.96	7.63
6	11.73	21.89	6.4	7.4
6	10.57	21.72	6.08	7.94
6	11.23	24.37	5.93	6.81
6	10.32	20.61	6.37	8.61
6	13.33	20.58	7.46	8.74
6	12.44	22.55	8.48	9.54
6	13.13	22.64	10.05	7.23
6	10.9	22.56	8.92	8.58
6	11.94	21.47	7.75	10.21
6	12.36	21.59	8.62	9.37
6	13.37	20.14	6.82	8.78
6	12.2	22.78	7.05	9.43
6	11.61	19.88	8.74	9.79
6	12.72	21.57	7.64	8.02
6	34.07	24.8	11.74	9.84
6	30.63	25.52	11.03	9.94
6	30.04	24.46	9.61	10.8
6	28.13	25.89	9.11	11.61
6	28.26	24.63	10.28	11.96
6	8.68	15.37	4.49	17.29
6	15.3	21.05	8.89	11.2
6	18.6	11.95	13.3	23.23
6	15.3	13.74	11.39	20.04
6	14.43	12.16	13.22	22.7
6	12.43	11.69	9.45	23.49
6	12.52	21.82	6.71	12.26
6	13.72	23.61	7.31	8.64
6	12.8	25.64	7.9	8.29
6	13.11	22.56	8.28	8.85
6	13.09	23.81	9.21	8.33
6	9.75	20.15	6.93	11.91
6	39.33	18.12	10.03	11.25
6	40.28	18.09	10.81	10.78
6	34.34	16.71	9.8	8.94
6	38.75	16.85	8.58	9.15
6	32.53	17.59	9.57	10.78
6	39.15	16.85	11.04	10.44
6	9.93	18.71	7.0	10.89
6	14.96	17.22	7.5	22.12
6	21.96	17.21	8.34	16.94
6	23.81	17.94	7.76	10.37
6	26.63	18.13	8.14	12.81
6	39.02	17.29	9.85	12.25
6	41.95	16.6	10.02	12.04
6	41.51	16.97	10.55	11.14
6	38.93	19.03	11.25	11.97
6	39.64	18.17	10.35	12.57
6	26.02	17.15	9.02	11.68
6	32.96	17.66	12.06	13.99
6	29.04	19.11	12.89	15.07
6	16.91	16.44	8.0	16.53
6	16.91	14.77	9.65	20.74
6	15.19	14.75	9.13	22.93
6	14.93	10.79	11.3	32.79
6	18.19	16.0	8.5	21.48
6	17.21	11.12	6.74	25.71
6	19.42	11.92	16.32	26.64
6	17.86	13.66	9.32	16.89
6	19.65	15.09	7.47	19.38
6	24.52	13.61	7.45	20.75
6	15.91	14.91	9.18	15.95
6	21.53	14.05	10.57	16.24
6	21.74	12.28	14.93	26.49
6	29.88	12.97	18.35	20.24
6	18.69	10.98	8.18	27.74
6	23.9	12.53	11.84	20.72
6	13.05	18.38	5.53	12.04
6	15.17	17.72	6.83	13.27
6	24.03	17.65	9.49	15.21
6	18.07	16.81	8.46	15.11
6	19.7	16.73	8.63	18.43
6	20.79	17.05	10.19	16.44
6	8.22	20.27	8.6	13.62
6	9.18	17.75	9.19	16.46
6	9.3	19.33	9.06	19.11
6	10.62	17.88	9.27	12.85
6	25.6	17.3	8.0	10.15
6	33.08	17.71	10.01	10.52
6	37.94	16.48	10.46	10.83
6	37.87	17.52	9.62	10.75
6	37.51	17.47	8.89	10.95
6	41.49	17.29	10.05	10.41
6	41.13	16.98	9.64	11.24
6	16.08	18.93	6.36	13.38
6	19.43	16.53	6.88	18.39
6	21.83	17.99	9.85	15.92
6	23.29	18.14	10.11	15.95
6	22.65	18.07	9.31	18.11
6	22.82	18.39	8.92	17.48
6	22.43	16.71	9.79	17.03
6	21.83	16.59	9.27	16.7
6	20.08	16.76	8.88	15.91
6	15.32	16.53	6.63	15.87
6	24.26	14.49	8.09	20.26
6	27.0	16.09	8.85	20.3
6	24.79	16.57	9.03	21.85
6	25.17	15.48	9.46	18.64
6	19.93	17.41	8.28	18.11
6	22.65	15.96	9.94	19.67
6	20.84	14.61	10.87	20.2
6	24.24	13.79	9.59	19.68
6	26.01	14.98	10.39	20.16
6	21.49	14.01	11.1	21.23
6	24.45	12.63	8.7	18.96
6	18.18	15.2	10.22	19.37
6	24.36	15.14	10.54	19.22
6	17.51	15.64	8.73	17.52
6	25.41	16.71	9.89	16.57
6	22.47	17.65	10.45	17.96
6	27.8	18.02	9.83	17.27
6	26.48	13.65	10.45	19.11
6	24.56	12.95	15.32	17.6
6	24.8	16.85	11.49	16.9
6	25.89	15.59	10.78	17.38
6	23.13	14.36	16.03	19.45
6	22.46	15.79	11.02	19.34
6	23.19	16.38	10.86	16.58
6	25.26	16.06	10.36	16.38
6	12.7	16.48	5.88	16.64
6	20.7	14.99	9.47	17.5
6	24.62	14.42	10.13	16.98
6	25.23	15.96	10.5	18.34
6	26.25	14.94	11.62	17.79
6	24.13	15.62	9.87	16.69
6	23.71	13.33	13.8	16.62
6	24.42	13.2	15.64	18.25
6	14.97	19.85	6.88	15.35
6	21.68	15.88	12.93	18.51
6	10.59	20.44	8.29	17.82
6	8.59	14.42	5.46	21.2
6	19.31	16.14	12.59	20.28
6	6.17	8.89	6.23	30.5
6	10.76	16.84	11.0	16.17
6	7.21	17.36	7.13	17.73
6	8.42	16.91	6.34	14.76
6	8.92	15.05	7.94	21.24
6	19.51	18.09	12.65	18.25
6	21.61	16.07	11.34	19.26
6	22.28	16.13	13.31	17.68
6	8.74	17.65	6.87	15.2
6	22.66	14.91	11.45	18.1
6	21.68	14.52	12.35	19.18
6	16.97	14.12	13.49	22.08
6	12.56	14.02	16.38	24.94
6	13.46	15.42	13.32	16.17
6	11.2	12.98	18.03	32.96
6	11.84	17.57	9.44	16.94
6	14.62	14.47	17.37	22.06
6	16.88	21.48	12.03	12.72
6	15.25	21.27	13.42	14.24
6	19.16	22.76	14.75	14.99
6	16.37	21.82	15.94	15.68
6	22.41	16.11	9.96	21.59
6	23.35	16.66	10.41	20.62
6	18.88	16.54	9.6	20.22
6	26.01	17.45	9.21	18.6
6	22.56	15.28	9.16	18.03
6	21.5	15.16	10.28	20.63
6	24.03	15.54	9.11	18.84
6	21.39	13.52	9.43	18.72
6	23.54	14.81	10.47	18.28
6	25.39	16.44	9.51	18.91
6	25.92	16.25	8.81	18.7
6	14.35	22.65	13.33	13.81
6	19.7	21.58	15.31	14.13
6	15.52	21.35	15.4	14.79
6	15.48	21.62	12.67	14.97
6	12.7	20.1	12.44	13.99
6	14.88	20.0	12.85	13.68
6	13.35	20.66	14.39	16.22
6	15.65	21.62	14.01	14.5
6	14.97	20.35	13.71	14.65
6	16.05	22.13	14.35	15.48
6	17.29	19.93	14.63	17.85
6	17.74	20.61	13.35	16.11
6	15.94	19.87	14.53	17.73
6	16.57	18.59	14.51	15.06
6	17.1	21.17	12.09	16.87
6	18.47	21.23	12.6	15.44
6	14.59	21.61	14.44	17.72
6	14.59	21.67	17.19	17.39
6	18.24	23.56	13.83	14.96
6	18.31	21.12	14.51	16.02
6	14.26	20.25	14.11	18.68
6	14.65	20.46	15.5	18.28
6	17.15	21.06	14.69	15.87
6	13.11	20.02	12.0	13.48
6	15.55	21.04	15.08	13.57
6	15.49	21.12	15.76	15.97
6	13.74	21.29	15.1	17.08
6	13.73	21.57	13.53	14.34
6	15.37	21.38	13.04	12.58
6	16.34	20.31	12.73	14.35
6	12.69	21.24	13.67	14.79
6	16.21	22.82	14.99	13.92
6	17.02	20.9	14.28	14.6
6	15.08	21.73	13.5	15.24
6	14.39	21.06	13.26	13.07
6	15.63	21.5	12.56	12.56
6	16.32	21.1	12.0	12.76
6	14.4	20.73	13.18	13.46
6	15.6	20.61	12.49	12.02
6	15.36	21.49	12.57	12.21
6	11.63	20.29	10.12	11.63
6	11.94	20.45	12.1	13.83
6	15.26	22.95	13.57	14.0
6	16.14	20.45	14.54	13.26
6	14.85	19.99	12.54	13.77
6	12.98	19.72	12.95	17.53
6	13.82	20.11	14.3	14.02
6	18.65	20.14	15.93	14.67
6	16.78	20.86	15.36	14.33
6	18.14	21.22	14.71	14.03
6	16.74	23.34	12.52	13.62
6	15.59	20.83	14.85	13.88
6	14.08	20.88	16.84	12.98
6	17.91	20.66	14.92	12.1
6	14.37	20.45	14.64	14.12
6	12.82	19.89	13.55	14.52
6	17.76	22.09	14.99	16.12
6	17.16	22.02	15.78	13.66
6	17.18	22.43	13.62	15.3
6	13.59	19.62	15.09	18.88
6	9.32	18.14	12.23	17.4
6	14.21	19.78	13.03	14.04
6	16.07	20.36	14.14	14.03
6	13.98	21.45	11.78	12.68
6	15.33	22.15	14.53	13.33
6	15.51	20.81	13.05	13.62
6	13.72	21.52	12.66	13.78
6	13.58	20.35	12.45	12.9
6	15.11	21.84	14.25	15.04
6	16.46	23.4	14.19	17.08
6	15.84	24.31	13.53	16.17
6	17.87	20.44	14.63	15.62
6	13.31	21.63	10.09	12.87
6	16.13	21.05	12.46	14.33
6	14.74	24.07	10.06	15.01
6	16.68	20.62	14.81	16.07
6	15.57	19.5	12.09	18.97
6	8.43	18.51	6.72	12.79
6	8.89	19.71	8.65	12.58
6	9.14	20.1	6.94	9.84
6	9.94	19.46	9.0	11.62
6	9.64	20.52	7.39	9.82
6	10.53	20.83	8.7	9.74
6	10.0	20.36	9.69	10.47
6	11.21	20.29	7.35	8.57
6	10.65	21.73	7.22	8.77
6	11.3	20.82	9.58	11.35
6	9.42	19.83	7.17	9.16
6	12.9	20.02	13.76	14.27
6	14.14	20.63	12.69	16.4
6	17.33	20.21	13.52	16.21
6	14.88	20.72	13.14	16.83
6	17.76	22.02	16.03	14.95
6	12.78	19.1	14.74	18.55
6	14.82	20.88	14.32	15.25
6	18.09	20.68	12.43	16.28
6	15.92	22.8	14.73	16.54
6	15.51	26.12	14.2	15.51
6	18.09	24.92	14.68	14.74
6	17.07	24.55	14.97	15.89
6	13.87	21.38	9.49	10.42
6	13.02	20.01	9.08	9.74
6	9.94	20.54	6.95	10.56
6	12.82	21.02	8.86	10.18
6	14.56	20.34	9.49	9.29
6	8.91	20.27	8.01	9.14
6	10.19	20.41	7.28	8.87
6	9.34	20.7	7.37	9.26
6	10.03	20.2	7.29	8.94
6	9.55	21.43	6.61	9.0
6	9.6	19.72	7.3	10.78
6	8.54	20.73	6.31	9.45
6	10.7	22.22	7.5	10.01
6	10.26	19.47	8.19	11.59
6	9.27	21.27	7.53	8.38
6	9.68	21.88	6.61	8.02
6	9.26	21.31	7.21	8.35
6	12.08	21.34	8.26	9.56
6	8.96	21.54	6.33	8.19
6	9.44	19.65	7.81	9.67
6	10.25	19.86	8.82	11.53
6	13.32	20.84	10.27	12.21
6	14.21	21.05	9.13	11.17
6	12.62	18.85	8.47	13.92
6	13.49	18.14	14.41	17.27
6	14.51	20.43	13.09	17.3
6	14.51	20.39	14.04	15.07
6	13.5	21.82	11.59	10.89
6	12.03	17.63	9.66	14.67
6	10.29	17.24	8.9	14.96
6	10.81	17.89	9.14	16.77
6	12.01	18.12	11.43	19.33
6	11.04	18.25	8.28	14.52
6	10.5	19.92	7.8	12.12
6	11.54	19.1	11.6	16.22
6	11.38	19.44	13.43	15.24
6	14.56	19.22	13.29	12.86
6	11.53	20.03	13.62	14.04
6	10.61	21.36	10.89	15.11
6	10.6	19.9	11.1	15.17
6	12.91	20.43	12.53	12.17
6	11.14	20.15	10.0	11.66
6	11.3	19.31	10.08	14.01
6	10.66	19.24	11.14	14.8
6	10.15	21.77	9.12	9.99
6	13.01	19.47	12.39	13.04
6	12.33	19.26	12.0	15.03
6	11.4	20.42	12.23	13.51
6	10.09	18.86	11.42	15.25
6	11.83	20.18	12.28	14.92
6	11.89	19.39	10.96	13.43
6	13.87	22.08	11.71	12.38
6	12.28	19.71	11.63	14.74
6	11.13	18.48	11.65	16.24
6	11.53	20.74	11.24	14.88
6	13.11	19.72	12.36	14.0
6	11.9	20.46	10.12	13.47
6	14.41	20.77	10.83	12.26
6	11.15	20.25	9.21	10.49
6	9.89	19.16	8.24	12.61
6	11.84	18.22	8.79	14.48
6	9.94	15.96	9.31	16.28
6	11.04	18.9	8.71	14.93
6	11.99	18.58	11.54	20.22
6	16.51	18.53	12.89	15.25
6	11.77	18.71	10.99	14.67
6	10.11	19.1	9.56	14.2
6	9.69	18.39	9.16	14.95
6	12.1	18.58	9.77	16.11
6	11.81	20.12	10.7	14.96
6	10.72	20.74	11.67	16.7
6	10.85	19.84	10.78	15.74
6	12.16	20.71	9.19	13.3
6	10.28	19.88	9.15	13.42
6	11.77	19.5	10.4	13.69
6	9.92	20.55	10.82	15.48
6	9.66	19.33	10.39	16.17
6	11.86	19.59	9.94	14.08
6	11.41	21.03	8.66	12.86
6	10.9	19.29	9.1	13.13
6	13.0	18.35	10.07	11.66
6	9.52	18.98	10.88	13.91
6	9.96	19.63	9.61	16.9
6	14.97	20.52	9.32	12.38
6	15.91	20.13	10.27	13.84
6	13.65	20.02	10.57	13.89
6	10.04	19.81	9.01	13.56
6	11.7	20.24	9.65	14.46
6	9.65	20.19	7.32	8.88
6	8.74	20.88	7.0	10.29
6	14.17	21.69	11.14	11.56
6	10.68	20.2	8.45	10.0
6	10.23	20.36	7.48	9.58
6	9.16	19.98	8.27	9.26
6	9.99	21.82	8.14	9.56
6	8.67	20.68	6.9	10.08
6	10.04	19.58	7.63	10.97
6	16.04	20.87	12.31	12.93
6	18.41	21.15	12.23	12.61
6	16.14	20.85	14.55	14.47
6	8.86	20.5	8.88	10.34
6	9.96	20.27	7.41	10.11
6	9.34	20.84	8.16	9.66
6	14.57	21.33	10.7	9.21
6	15.23	20.55	14.96	14.68
6	10.25	20.25	9.67	13.73
6	12.32	19.32	9.48	11.61
6	12.11	20.55	9.88	11.59
6	10.65	19.64	10.64	14.05
6	9.17	20.19	9.07	13.6
6	9.82	20.02	9.16	13.08
6	10.3	20.26	10.34	15.52
6	11.91	19.4	10.85	13.25
6	10.08	18.52	10.87	15.04
6	14.06	17.16	12.27	14.22
6	8.89	18.95	9.91	13.73
6	10.44	19.76	9.94	14.62
6	9.28	19.87	8.8	14.4
6	8.97	21.06	6.81	8.08
6	10.01	20.37	6.91	7.46
6	10.65	22.82	7.43	7.44
6	10.51	22.33	6.71	6.66
6	8.88	17.79	8.01	14.49
6	8.79	18.02	8.16	12.31
6	8.55	17.99	7.23	12.54
6	9.57	20.2	6.52	10.65
6	9.82	20.08	9.78	12.22
6	10.16	20.33	8.15	10.29
6	8.05	18.38	6.32	12.93
6	9.69	20.48	8.52	14.47
6	9.79	20.63	8.2	12.88
6	9.74	19.96	9.96	14.79
6	10.07	20.03	8.4	13.45
6	9.0	20.18	8.37	12.26
6	9.64	19.63	9.45	14.96
6	10.14	18.66	8.52	14.65
6	10.41	19.26	8.39	16.6
6	9.85	20.88	7.04	10.57
6	9.18	18.37	5.61	11.67
6	9.95	21.7	6.54	8.33
6	9.31	21.68	7.16	7.72
6	9.3	21.47	6.31	10.71
6	10.58	22.46	6.7	8.61
6	10.34	21.9	7.57	7.17
6	9.84	22.6	7.23	8.2
6	10.11	21.04	6.67	8.62
6	9.9	21.14	7.55	8.81
6	11.43	21.44	7.15	9.76
6	11.9	22.16	7.7	8.52
6	9.44	20.81	6.44	7.52
6	10.75	20.96	7.81	6.87
6	10.7	21.25	9.81	13.04
6	11.77	22.31	6.55	7.3
6	10.97	20.04	7.19	7.87
6	9.98	20.84	6.24	7.58
6	10.52	22.72	7.37	9.88
6	11.19	21.39	7.27	6.96
6	10.69	20.97	7.71	7.53
6	10.93	19.89	8.57	8.25
6	10.94	21.57	7.12	8.05
6	11.06	21.35	7.68	7.68
6	11.35	21.3	7.76	7.44
6	10.77	20.66	7.87	7.53
6	10.6	20.6	7.51	6.72
6	10.06	20.91	7.63	7.41
6	10.91	21.47	7.0	8.52
6	10.74	22.24	9.37	11.86
6	12.1	19.11	8.29	15.14
6	9.93	20.99	6.79	14.12
6	10.94	22.24	6.98	6.75
6	10.73	21.81	6.87	9.85
6	10.53	20.51	7.7	8.31
6	11.47	21.63	7.03	8.14
6	10.34	23.64	6.07	6.57
6	10.48	21.49	7.61	7.58
6	11.51	20.95	7.06	8.16
6	10.9	21.61	7.9	7.93
6	8.99	21.54	8.15	10.19
6	9.9	21.1	7.22	7.09
6	9.55	20.54	7.12	8.96
6	9.48	21.09	6.93	9.23
6	9.67	22.95	5.93	7.38
6	10.45	23.14	6.19	8.69
6	10.06	18.96	6.64	14.2
6	9.52	20.15	6.6	12.72
6	10.91	21.22	7.51	12.06
6	10.99	19.68	7.83	12.03
6	9.93	22.18	6.5	9.57
6	8.92	22.26	6.59	11.54
6	9.19	14.85	7.34	26.8
6	18.04	19.91	6.71	14.78
6	18.66	19.63	7.23	13.38
6	27.78	26.52	10.35	12.08
6	30.95	25.07	10.13	11.12
6	16.98	17.46	6.53	19.17
5	20.3	13.28	18.38	27.3
5	17.26	13.1	18.56	28.71
5	17.33	13.96	18.01	29.83
5	13.97	8.56	27.32	31.57
5	14.06	8.75	27.74	32.39
5	15.17	10.01	25.43	30.88
5	15.01	9.33	24.09	31.94
5	17.52	9.71	24.97	28.66
5	21.02	15.36	18.55	23.84
5	18.86	15.65	20.69	25.66
5	16.25	13.01	23.74	27.76
5	16.16	13.36	19.7	28.12
5	19.23	14.44	20.39	26.33
5	22.3	14.27	19.57	23.74
5	19.9	17.64	21.11	23.68
5	24.45	14.28	19.04	21.81
5	15.92	15.29	19.74	28.66
5	14.28	18.33	23.43	27.03
5	15.16	18.28	21.6	27.22
5	13.98	8.62	28.52	28.39
5	11.99	7.92	25.89	35.42
5	18.01	10.12	25.12	28.89
5	16.41	9.36	22.67	31.19
5	16.23	8.82	22.78	28.96
5	18.49	11.13	21.72	26.7
5	14.89	9.06	23.1	31.36
5	14.71	9.45	27.59	28.85
5	19.8	10.69	22.79	26.49
5	17.24	9.83	22.56	31.3
5	15.36	9.43	19.74	31.71
5	18.01	11.57	20.72	28.31
5	20.3	11.7	21.42	24.33
5	20.54	11.3	22.92	23.68
5	15.36	9.14	20.67	29.98
5	18.57	11.65	24.47	27.32
5	16.27	10.0	24.62	28.92
5	14.07	10.31	25.57	28.57
5	18.52	10.35	24.13	28.39
5	17.84	11.31	23.64	28.79
5	14.74	9.98	24.49	28.57
5	19.18	10.17	24.91	25.86
5	19.92	11.31	21.1	25.46
5	18.46	10.92	21.03	26.28
5	17.61	9.56	17.89	32.57
5	16.48	9.73	19.17	31.67
5	19.66	11.34	22.46	24.82
5	21.28	11.61	21.15	23.71
5	22.75	11.49	19.5	26.06
5	17.01	10.6	17.45	30.28
5	16.26	9.15	20.45	31.04
5	18.05	10.55	22.3	25.5
5	19.18	10.64	20.01	28.91
5	17.95	10.66	18.28	30.01
5	19.89	11.63	21.5	24.46
5	15.06	10.17	18.03	31.43
5	20.85	10.74	18.6	25.63
5	18.67	10.54	20.55	27.47
5	19.31	10.31	17.58	26.89
5	16.33	10.61	16.21	29.9
5	16.1	10.78	27.28	24.73
5	12.69	9.36	25.04	35.68
5	13.12	8.15	27.2	34.39
5	18.16	11.39	22.72	24.66
5	13.63	8.79	19.48	36.19
5	16.81	9.36	21.43	31.1
5	16.85	10.14	22.05	30.01
5	19.85	10.04	22.88	27.68
5	16.49	10.87	22.69	26.53
5	15.78	10.91	26.27	27.92
5	14.64	9.76	27.06	30.04
5	17.19	10.77	21.54	26.44
5	16.25	9.36	26.49	30.0
5	13.49	9.53	25.34	30.17
5	17.17	10.65	22.77	29.61
5	16.48	9.45	21.59	30.8
5	15.41	9.28	18.96	31.66
5	15.96	9.24	22.27	31.25
5	19.62	10.31	19.96	29.77
5	18.6	10.3	21.59	27.71
5	13.33	12.05	20.58	22.86
5	12.75	9.73	22.21	30.5
5	17.03	10.61	22.24	26.48
5	19.41	11.41	20.35	26.92
5	15.88	9.47	17.37	34.3
5	16.66	9.73	21.16	31.16
5	14.99	10.81	17.16	28.84
5	16.59	11.15	19.01	28.8
5	18.67	11.02	16.59	32.4
5	18.34	11.24	21.12	28.5
5	16.21	10.46	17.07	30.28
5	15.33	10.04	18.38	30.55
5	17.94	11.12	19.73	25.2
5	18.21	11.13	19.79	27.43
5	17.44	10.56	19.16	29.58
5	16.9	10.45	20.45	27.55
5	18.64	11.34	18.76	24.98
5	14.81	10.43	16.9	31.38
5	17.34	10.36	17.53	26.94
5	20.22	10.45	19.01	25.82
5	15.97	10.21	21.63	30.11
5	17.42	10.13	20.91	27.58
5	16.24	10.42	20.7	26.41
5	18.85	11.66	17.55	27.02
5	18.05	10.85	15.46	29.88
5	19.47	11.27	17.32	28.03
5	18.59	9.89	19.41	26.76
5	19.23	10.59	17.06	27.5
5	9.64	8.61	11.27	29.99
5	14.83	9.36	22.76	31.45
5	17.47	10.6	24.14	26.58
5	15.33	11.06	21.72	28.32
5	14.85	10.69	21.29	31.08
5	12.65	12.23	20.26	29.3
5	14.23	11.09	19.68	31.25
5	15.06	9.04	21.17	32.41
5	19.98	12.04	20.46	26.56
5	7.6	7.18	12.38	32.54
5	20.95	18.12	20.19	23.21
5	20.77	16.06	19.5	24.6
5	19.03	14.83	20.55	24.81
5	21.4	14.68	20.14	25.75
5	17.22	14.65	20.51	27.56
5	21.57	16.0	18.92	24.51
5	25.6	15.52	16.21	24.1
5	23.81	14.51	18.38	22.65
5	24.79	15.05	18.2	21.28
5	17.5	10.56	20.0	27.29
5	18.83	10.9	16.63	27.2
5	16.41	11.06	18.32	28.57
5	16.49	11.38	17.85	27.95
5	19.29	11.05	18.43	27.0
5	18.39	10.68	17.62	28.37
5	17.57	10.58	20.15	29.22
5	16.99	11.11	18.5	27.35
5	13.75	11.09	16.99	30.76
5	18.57	10.13	22.24	27.18
5	16.46	10.19	18.66	28.54
5	18.07	10.42	20.91	27.18
5	18.12	10.83	17.81	25.06
5	18.25	11.71	18.11	26.69
5	18.36	10.79	20.85	28.03
5	16.53	9.95	20.83	32.22
5	14.68	8.87	18.28	31.71
5	20.21	11.03	20.05	25.44
5	14.03	10.57	19.33	27.8
5	19.35	10.21	20.73	25.88
5	16.55	11.3	18.12	26.3
5	17.17	10.93	16.5	27.49
5	17.7	14.59	20.25	27.73
5	23.41	16.71	17.91	21.59
5	20.77	14.1	19.78	25.77
5	24.09	15.02	17.87	24.7
5	21.3	14.46	20.18	23.03
5	19.89	14.76	19.07	26.08
5	13.59	18.33	16.99	31.28
5	21.6	16.17	17.11	24.46
5	16.53	14.44	18.71	29.81
5	17.82	14.17	17.7	29.24
5	18.54	13.69	20.11	26.8
5	19.13	15.13	18.6	26.95
5	17.48	14.74	19.0	27.75
5	21.35	15.21	17.98	26.48
5	24.96	15.83	15.83	24.98
5	29.1	15.0	18.26	22.19
5	23.42	14.57	19.11	24.02
5	17.84	15.71	19.23	27.37
5	18.48	15.38	18.48	28.16
5	15.92	14.03	19.57	26.91
5	18.01	15.99	19.02	26.22
5	22.63	15.74	16.93	24.64
5	17.8	14.67	19.76	25.55
5	22.3	15.79	18.12	24.95
5	17.13	16.91	20.37	25.97
5	12.82	17.67	22.82	26.86
5	22.01	15.78	16.77	25.71
5	15.65	15.27	20.31	28.63
5	15.08	17.6	21.72	25.65
5	14.47	20.45	20.63	24.55
5	20.42	15.03	17.46	27.44
5	15.3	17.35	20.69	26.68
5	21.77	18.63	12.95	28.94
5	15.74	21.31	17.32	25.72
5	17.57	15.06	18.51	26.19
5	20.92	16.93	18.89	25.23
5	19.31	15.79	19.34	26.5
5	23.29	13.6	17.9	24.81
5	23.14	15.94	17.14	23.45
5	21.83	13.43	19.54	26.63
5	20.64	13.6	20.37	25.42
5	20.56	13.45	19.49	25.79
5	18.22	13.73	22.07	26.48
5	19.32	13.04	21.35	25.94
5	15.5	13.92	23.6	26.75
5	19.09	12.79	22.57	27.48
5	17.18	13.53	23.5	28.02
5	17.06	13.74	22.76	27.77
5	15.39	12.69	27.07	27.15
5	17.1	12.45	22.65	29.95
5	9.87	14.55	13.96	33.23
5	18.66	13.23	17.28	29.59
5	15.79	13.44	21.05	28.36
5	14.57	15.8	23.19	27.29
5	15.14	14.83	19.91	29.85
5	18.27	14.09	20.78	26.92
5	17.08	14.89	21.59	26.05
5	16.83	14.73	23.14	24.47
5	20.31	14.22	19.3	25.48
5	17.15	15.24	19.51	27.15
5	17.43	13.51	21.47	28.04
5	19.33	14.22	21.02	25.02
5	21.9	13.02	17.6	20.2
5	26.28	15.91	17.48	23.53
5	19.86	16.35	20.74	23.45
5	15.91	13.05	18.92	30.47
5	17.15	13.82	17.65	27.98
5	24.99	16.7	15.93	21.61
5	16.08	15.9	20.46	24.29
5	18.42	13.77	19.3	28.28
5	15.1	13.77	20.42	26.56
5	17.89	13.58	21.22	23.72
5	18.19	14.37	21.11	25.29
5	16.34	16.75	21.41	26.12
5	18.0	14.08	22.09	25.95
5	18.56	13.41	19.2	27.09
5	15.92	13.81	20.78	27.66
5	17.85	14.42	19.46	26.15
5	19.01	15.16	22.08	24.78
5	27.46	15.2	17.56	22.06
5	21.41	13.5	18.54	26.17
5	15.11	13.71	23.74	27.32
5	15.3	11.59	16.49	31.53
5	18.73	17.25	18.39	28.02
5	19.57	13.79	20.55	27.61
5	21.81	15.22	19.86	25.31
5	16.18	16.18	20.24	27.42
5	20.3	14.48	19.14	25.44
5	24.7	14.66	18.29	24.81
5	22.93	15.32	20.49	22.84
5	22.26	15.36	17.58	26.14
5	17.42	14.35	21.82	28.91
5	18.98	13.91	19.36	28.95
5	24.23	14.88	17.28	21.11
5	21.51	16.63	16.09	26.52
5	21.39	14.5	18.52	25.93
5	25.2	14.64	17.3	24.74
5	17.46	13.92	20.87	26.73
5	17.85	12.6	21.09	28.4
5	19.6	12.66	21.91	26.16
5	19.81	11.9	20.83	27.08
5	18.71	11.6	20.62	26.45
5	16.16	12.25	20.52	29.15
5	17.74	13.67	18.55	25.88
5	18.57	13.29	17.53	27.51
5	22.54	14.88	20.76	21.5
5	19.16	12.98	19.06	27.96
5	17.18	12.42	18.77	23.43
5	16.09	12.06	21.72	28.85
5	18.94	12.34	20.59	26.24
5	17.66	13.17	20.49	26.42
5	23.58	13.62	17.8	25.09
5	22.15	16.19	12.5	15.48
5	23.02	16.59	16.77	21.93
5	16.39	17.02	15.92	26.61
5	19.4	14.86	16.92	25.95
5	19.76	15.57	18.03	26.62
5	15.17	16.51	18.4	28.17
5	15.35	14.72	19.83	30.27
5	16.01	12.94	22.85	30.3
5	15.71	15.06	23.04	27.62
5	15.66	12.93	25.13	26.54
5	17.85	13.47	25.3	25.98
5	16.29	11.82	22.78	30.62
5	16.03	11.8	23.56	29.73
5	14.75	12.78	25.11	27.33
5	17.02	12.93	24.91	27.35
5	15.82	11.41	25.94	28.92
5	15.89	12.07	25.44	30.01
5	12.85	12.73	19.39	25.39
5	15.79	13.02	21.64	27.44
5	18.79	13.32	21.88	25.24
5	19.12	13.22	19.73	26.84
5	17.82	13.45	19.52	26.83
5	17.77	13.64	21.26	25.21
5	17.03	11.91	20.56	26.56
5	18.14	13.22	23.36	24.54
5	28.03	13.69	18.3	22.83
5	19.49	14.22	21.92	25.35
5	14.78	13.91	21.39	27.94
5	17.27	13.54	20.26	29.28
5	16.66	13.01	23.19	25.0
5	17.95	14.02	21.25	27.26
5	15.91	13.35	18.32	27.77
5	15.04	12.32	19.27	29.42
5	16.54	12.91	19.94	27.96
5	17.19	16.53	18.71	27.16
5	18.76	15.09	17.31	28.19
5	15.57	15.01	17.53	29.51
5	16.56	13.62	21.19	27.03
5	17.98	14.2	20.26	27.03
5	15.09	13.08	18.22	30.29
5	15.97	12.12	23.31	27.67
5	16.87	14.01	21.9	27.92
5	17.14	12.66	23.33	28.69
5	17.22	12.4	23.53	26.41
5	16.2	13.16	21.39	27.1
5	16.08	13.33	20.3	28.05
5	15.07	12.92	23.19	28.53
5	20.98	13.99	23.21	25.23
5	23.07	14.19	21.12	23.61
5	15.6	12.46	20.11	28.69
5	17.46	14.22	18.26	27.03
5	16.05	12.58	20.92	27.52
5	17.24	11.9	19.23	27.45
5	20.81	15.4	20.56	22.07
5	16.9	13.78	21.1	26.95
5	21.64	12.93	19.94	25.61
5	17.15	14.47	20.71	26.13
5	19.39	13.05	21.24	25.51
5	16.3	12.18	15.87	26.66
5	15.89	13.03	22.96	27.52
5	17.19	11.71	19.86	28.27
5	16.81	13.13	21.41	26.71
5	13.47	12.68	19.48	27.25
5	11.57	11.77	16.56	29.8
5	13.54	14.9	15.78	27.98
5	12.21	12.38	17.17	29.22
5	11.56	11.71	15.4	30.52
5	13.74	12.95	19.23	29.37
5	15.6	15.64	15.46	28.19
5	11.84	12.84	18.69	28.71
5	15.51	14.18	18.9	27.32
5	14.44	12.9	17.95	28.64
5	15.78	15.4	17.91	23.73
5	11.01	14.1	16.69	27.68
5	12.86	14.49	17.96	30.58
5	12.11	13.77	17.65	29.77
5	14.28	13.29	19.33	26.69
5	15.05	13.1	19.92	28.58
5	16.28	11.66	20.32	27.12
5	13.7	13.05	18.85	28.7
5	12.41	13.86	18.43	30.37
5	13.66	12.13	16.09	27.59
5	13.47	10.6	15.81	27.43
5	12.47	11.13	16.26	26.93
5	11.92	11.17	16.98	26.89
5	13.95	12.18	15.28	27.42
5	13.9	13.27	18.45	29.55
5	12.99	12.05	19.35	26.95
5	14.39	12.73	17.85	27.25
5	11.35	11.21	17.65	29.63
5	11.49	11.38	15.97	30.59
5	13.06	12.06	16.57	30.48
5	12.59	11.7	18.53	28.19
5	13.13	12.25	17.99	27.05
5	18.26	12.83	21.16	28.47
5	18.45	13.54	18.78	28.46
5	17.46	14.09	18.54	26.86
5	13.89	12.23	18.76	25.51
5	12.18	11.7	16.99	32.82
5	12.22	11.21	19.08	27.73
5	13.47	14.24	16.27	29.73
5	12.8	12.12	17.09	30.46
5	14.23	13.79	18.98	27.05
5	14.15	12.35	19.42	26.86
5	12.61	14.03	18.78	28.09
5	12.57	11.95	17.31	26.76
5	14.29	13.94	16.55	28.85
5	14.1	15.43	16.24	28.49
5	11.53	12.98	18.44	31.62
5	13.21	12.29	16.58	28.13
5	10.58	10.45	15.32	28.9
5	10.61	9.92	14.93	33.73
5	11.92	12.31	16.31	28.26
5	13.0	12.61	16.82	29.27
5	17.93	15.77	16.84	24.13
5	16.82	17.7	17.11	21.97
5	24.71	17.33	14.59	19.7
5	15.06	17.92	15.46	23.77
5	23.49	15.77	14.41	23.21
5	16.43	15.21	16.57	27.28
5	20.08	17.14	15.93	20.71
5	20.68	17.07	14.23	22.4
5	14.9	16.82	16.01	24.15
5	10.98	12.72	14.72	27.08
5	11.32	11.59	16.11	27.53
5	11.75	12.92	15.21	27.71
5	12.99	12.4	14.4	27.58
5	12.16	12.0	16.0	26.9
5	13.01	13.29	16.23	26.69
5	12.79	14.06	16.18	27.35
5	13.09	12.17	16.1	28.06
5	12.95	12.54	19.11	26.3
5	12.77	10.69	18.1	27.45
5	14.14	13.32	17.71	28.07
5	12.46	13.08	14.81	26.34
5	15.14	11.52	17.37	28.12
5	13.78	11.92	17.2	28.98
5	12.9	12.5	15.92	26.88
5	11.02	11.49	17.96	32.01
5	10.71	12.91	16.21	29.25
5	9.96	9.24	14.33	27.18
5	11.94	12.35	15.91	27.38
5	12.07	12.38	16.71	28.77
5	12.35	13.02	14.81	26.33
5	13.46	11.92	16.76	30.39
5	16.2	12.94	16.72	27.4
5	15.45	12.52	17.28	27.08
5	11.53	11.88	19.08	30.11
5	11.69	11.74	19.05	28.91
5	11.95	13.24	15.56	27.41
5	11.45	12.66	16.27	29.64
5	12.08	11.75	18.09	31.19
5	10.85	11.23	18.54	32.82
5	10.75	11.52	15.05	28.39
5	12.25	11.6	15.22	26.1
5	14.25	14.43	16.52	27.76
5	12.82	13.32	17.4	27.33
5	11.55	12.65	17.0	28.24
5	11.54	11.16	18.13	33.23
5	11.79	11.71	17.58	31.3
5	13.13	11.98	18.19	29.75
5	11.68	11.98	18.39	30.15
5	10.07	11.16	16.34	34.76
5	11.88	11.02	18.56	33.33
5	23.05	15.09	19.4	22.53
5	22.33	16.43	17.78	19.39
5	17.2	13.34	19.09	25.6
5	12.52	10.98	14.67	28.85
5	13.47	11.79	16.33	28.73
5	12.39	12.96	16.82	30.75
5	12.4	11.74	15.87	29.53
5	11.88	11.61	16.03	25.91
5	12.36	10.47	15.72	26.26
5	12.16	12.16	15.36	26.64
5	14.38	14.34	14.42	25.03
5	13.77	12.25	15.74	26.58
5	11.45	12.61	16.32	29.4
5	13.52	12.19	15.71	28.48
5	18.85	12.88	19.07	27.45
5	17.44	15.1	20.4	23.09
5	15.88	14.92	17.64	27.45
5	21.43	17.09	15.07	22.14
5	19.9	15.09	13.8	22.96
5	17.33	16.78	15.05	23.79
5	16.33	17.36	17.39	23.31
5	15.59	17.15	15.56	22.07
5	18.91	16.86	14.34	21.35
5	16.6	18.06	15.16	23.2
5	23.86	16.13	15.81	22.65
5	14.28	15.73	18.45	25.75
5	18.27	15.97	15.87	24.89
5	17.67	16.04	15.52	25.8
5	18.18	15.25	19.43	24.41
5	17.92	17.47	15.37	22.31
5	19.79	16.13	14.58	23.31
5	22.6	14.61	16.79	25.06
5	19.12	17.62	15.8	20.42
5	16.64	16.6	16.06	24.58
5	21.1	13.41	17.42	25.65
5	20.29	14.96	16.96	24.83
5	18.54	15.5	15.68	23.81
5	21.35	15.37	14.1	26.34
5	21.01	16.29	15.97	22.89
5	17.71	16.61	16.17	21.44
5	19.53	16.54	18.15	21.92
5	18.8	15.05	17.66	22.36
5	20.44	16.66	16.13	22.47
5	17.78	15.89	17.71	23.6
5	15.93	16.15	14.47	24.17
5	21.77	17.29	16.96	21.29
5	17.1	19.26	16.71	22.83
5	17.21	17.93	17.57	23.45
5	18.05	16.15	16.12	24.85
5	14.89	15.99	18.01	25.04
5	19.12	16.56	15.69	23.97
5	22.91	17.57	17.58	20.67
5	22.3	15.0	16.7	20.78
5	14.94	17.36	16.33	22.84
5	20.6	16.96	15.87	20.87
5	12.94	16.38	14.96	25.8
5	17.19	16.39	16.59	22.72
5	20.13	14.76	16.41	25.09
5	13.47	16.62	16.24	28.15
5	18.4	16.72	17.86	21.28
5	15.04	14.29	17.53	27.23
5	19.37	16.63	15.78	25.48
5	18.34	15.93	18.77	21.87
5	14.95	14.77	16.75	28.33
5	18.1	17.24	18.6	21.98
5	16.72	15.5	17.32	26.61
5	15.78	14.9	16.63	27.31
5	19.8	17.05	17.01	21.96
5	23.75	17.32	21.11	19.1
5	22.67	18.41	15.24	21.92
5	16.68	15.54	16.21	26.72
5	16.43	16.35	14.83	25.22
5	20.24	16.81	15.33	22.33
5	17.67	16.28	17.78	23.01
5	18.12	17.7	16.56	22.77
5	18.44	16.78	15.0	22.41
5	17.95	16.57	15.93	23.71
5	17.83	17.21	15.11	23.64
5	19.06	16.97	15.45	23.66
5	16.6	15.78	15.41	24.29
5	16.22	17.8	14.53	24.99
5	13.84	15.8	18.16	26.9
5	10.56	10.35	9.99	38.45
5	18.37	14.05	21.29	24.86
5	20.58	14.44	16.52	25.96
5	21.86	14.78	15.47	23.68
5	18.39	16.04	16.98	22.39
5	18.84	14.78	18.67	24.01
5	19.92	15.21	19.27	23.05
5	20.22	13.35	15.16	27.12
5	21.9	15.26	15.81	23.97
5	21.94	14.76	15.67	22.47
5	17.95	16.26	17.11	22.27
5	21.96	15.49	16.41	19.7
5	15.49	14.38	21.46	23.51
5	20.81	14.9	17.22	22.87
5	20.92	17.28	17.23	19.7
5	15.7	17.03	17.58	22.96
5	18.73	14.5	18.76	24.35
5	19.66	15.33	16.4	23.98
5	17.23	13.51	15.62	21.9
5	17.55	15.99	17.53	21.66
5	14.51	15.91	17.78	22.53
5	17.32	16.08	17.47	22.23
5	18.07	16.15	16.89	22.97
5	16.98	15.89	17.94	23.97
5	17.46	14.57	16.35	28.38
5	19.16	15.94	17.73	22.02
5	16.0	14.6	15.05	24.1
5	14.54	16.37	15.77	23.88
5	17.7	14.13	19.86	22.46
5	15.47	14.43	19.99	25.49
5	18.09	15.56	19.78	23.26
5	18.61	13.38	21.49	26.28
5	19.3	15.98	15.78	23.67
5	12.89	10.9	11.43	30.24
5	20.57	15.78	17.33	23.57
5	20.92	17.37	15.4	23.25
5	20.75	14.34	15.57	22.45
5	18.42	14.8	14.08	20.66
5	17.95	15.55	19.4	23.37
5	17.17	16.27	16.58	23.56
5	15.16	16.2	16.08	25.09
5	18.09	15.44	17.01	22.36
5	17.98	17.08	15.67	22.15
5	13.8	11.9	13.96	20.3
5	16.88	16.46	17.28	22.09
5	13.77	16.62	18.18	24.24
5	14.71	15.73	17.46	23.64
5	22.9	13.65	17.28	22.71
5	19.58	16.75	15.58	22.43
5	17.41	14.95	18.19	25.0
5	19.96	14.59	17.77	23.33
5	17.1	14.9	15.65	26.96
5	17.5	14.23	17.86	26.07
5	15.7	15.38	18.53	24.89
5	15.0	16.41	16.55	25.1
5	17.45	14.78	17.51	24.49
5	18.39	15.35	16.73	23.36
5	18.55	15.67	18.86	21.55
5	17.21	17.89	15.99	22.94
5	15.89	15.12	17.49	25.4
5	16.93	15.45	16.95	23.14
5	17.06	16.11	15.55	23.54
5	17.43	13.62	17.86	29.79
5	17.97	11.99	19.13	28.06
5	17.89	11.76	19.24	27.97
5	15.06	10.93	19.58	31.93
5	13.39	10.82	21.61	31.69
5	16.45	14.46	16.4	27.72
5	15.67	14.14	17.53	26.76
5	16.68	15.51	20.08	24.0
5	14.73	16.1	18.45	26.96
5	16.91	13.78	19.49	27.14
5	17.68	13.26	21.94	26.13
5	20.87	14.35	20.12	23.95
5	18.92	13.28	20.86	26.17
5	17.26	13.01	21.89	25.71
5	19.04	13.39	18.84	27.68
5	16.86	14.97	20.45	26.56
5	16.68	13.5	20.67	26.04
5	18.06	14.35	18.27	25.83
5	21.19	12.18	17.03	25.93
5	16.22	16.5	17.51	21.76
5	16.06	16.33	13.98	27.79
5	18.0	14.32	14.71	27.39
5	18.2	15.47	17.13	22.26
5	17.48	14.3	23.6	22.66
5	17.71	13.23	16.8	29.52
5	19.18	12.04	20.54	24.34
5	18.17	15.5	19.94	22.55
5	17.0	12.59	20.37	27.09
5	13.58	10.97	13.04	21.09
5	21.0	16.48	20.28	21.82
5	19.71	10.84	20.47	27.1
4	12.77	11.8	21.12	28.86
4	12.0	11.08	21.16	36.08
4	16.23	11.2	21.47	30.43
4	13.18	10.32	22.53	32.14
4	11.25	8.73	20.14	40.07
4	13.22	10.78	22.91	32.14
4	13.24	12.0	18.88	37.11
4	12.07	10.47	16.89	36.06
4	14.81	14.38	24.57	28.19
4	12.6	11.27	21.11	33.44
4	12.96	11.97	13.39	28.1
4	13.05	9.38	22.6	26.54
4	19.3	11.45	26.28	23.41
4	19.51	11.92	22.1	28.17
4	25.31	13.62	20.88	21.86
4	14.31	13.9	25.11	24.93
4	12.97	10.76	18.21	34.83
4	11.15	9.72	18.6	38.98
4	13.59	10.41	24.27	28.99
4	13.43	10.4	24.81	30.81
4	17.33	11.17	26.5	26.62
4	13.51	10.55	22.75	31.18
4	18.46	11.82	26.63	24.13
4	12.08	8.66	15.99	29.16
4	13.96	10.5	16.87	24.71
4	17.46	10.74	21.76	29.11
4	10.4	9.93	15.23	22.36
4	8.81	8.47	14.59	37.19
4	12.16	13.16	25.55	20.66
4	10.44	9.01	15.14	27.46
4	16.78	10.96	23.03	27.53
4	16.43	10.06	21.64	31.63
4	15.77	12.22	17.14	31.66
4	13.1	10.64	19.53	32.79
4	16.51	11.31	19.76	28.03
4	16.66	10.61	22.99	27.76
4	16.9	11.07	19.81	25.02
4	19.99	13.24	21.41	23.07
4	17.33	14.7	21.15	24.55
4	12.3	10.45	18.22	35.08
4	12.64	10.71	18.75	33.63
4	15.95	15.14	23.45	25.33
4	16.71	14.41	24.04	25.58
4	22.46	16.29	9.45	17.91
4	17.21	15.5	21.67	23.93
4	14.29	14.56	21.96	28.75
4	26.64	16.23	17.52	20.47
4	22.78	14.25	20.85	23.2
4	15.71	14.44	25.53	26.15
4	21.01	13.04	21.18	22.58
4	29.13	17.89	12.92	15.58
4	20.5	18.14	16.96	20.13
4	19.64	17.55	18.39	21.85
4	20.62	17.42	19.4	20.15
4	20.63	16.61	19.82	23.74
4	14.92	15.93	22.1	25.96
4	26.9	15.67	13.64	20.67
4	24.18	14.94	14.79	17.15
4	19.93	13.75	20.81	20.74
4	23.1	13.57	13.56	23.39
4	15.22	14.94	24.61	26.68
4	20.92	13.65	21.03	26.34
4	22.42	12.5	20.76	27.79
4	14.71	14.45	12.48	25.33
4	17.55	17.22	14.26	27.15
4	15.41	16.11	17.29	24.53
4	21.13	18.4	14.45	22.69
4	18.98	16.59	15.15	20.82
4	11.84	14.42	17.04	29.98
4	12.19	16.64	8.81	15.17
4	7.64	9.64	6.75	36.28
4	10.45	13.17	19.17	28.99
4	23.37	15.6	14.28	17.88
4	22.2	13.7	13.5	19.25
4	15.75	13.1	21.65	27.47
4	21.53	14.04	16.85	17.46
4	16.53	13.68	24.39	25.84
4	19.69	14.21	22.8	22.63
4	27.37	14.52	19.34	21.06
4	10.83	19.04	18.29	20.1
4	13.86	13.51	25.06	28.61
4	25.77	16.25	11.56	16.49
4	25.67	16.69	16.78	19.61
4	18.65	15.15	21.96	24.04
4	17.68	12.59	23.29	22.19
4	12.59	11.31	22.49	33.8
4	9.23	7.8	22.53	38.04
4	11.97	9.39	23.49	33.0
4	14.87	11.5	21.78	22.85
4	14.21	11.12	18.64	34.35
4	17.51	12.4	28.05	23.16
4	18.13	11.77	24.21	25.01
4	14.29	10.92	22.64	28.07
4	13.3	10.77	18.55	37.07
4	11.17	13.21	20.25	25.19
4	13.57	11.97	13.06	23.54
4	22.7	14.3	15.48	19.56
4	12.26	13.07	15.45	31.68
4	7.45	15.27	5.8	15.27
4	21.88	17.33	11.23	18.52
4	20.4	16.73	13.0	17.39
4	16.54	22.0	14.61	18.19
4	16.08	18.66	14.08	20.48
4	18.1	23.73	13.21	17.76
4	15.29	17.8	14.41	21.51
4	13.79	13.55	10.93	28.42
4	16.0	13.4	23.67	24.43
4	15.82	13.2	22.34	24.49
4	14.76	11.34	18.25	30.41
4	21.05	12.36	22.63	24.55
4	18.59	12.41	24.64	23.0
4	16.26	12.88	24.08	24.95
4	15.03	11.82	17.54	30.99
4	26.79	13.49	18.46	21.1
4	24.12	11.03	14.57	23.38
4	17.28	11.91	23.38	25.17
4	16.45	13.75	21.06	26.0
4	15.43	11.85	22.74	27.79
4	16.03	15.74	18.45	26.48
4	24.37	17.74	10.22	17.2
4	20.19	11.92	17.05	20.57
4	12.98	11.81	19.23	27.02
4	11.31	12.28	17.8	28.45
4	11.66	12.21	16.65	28.69
4	10.59	11.51	20.11	29.9
4	18.28	14.01	17.82	27.5
4	14.8	13.4	15.06	23.23
4	19.78	15.39	15.9	22.67
4	17.42	14.13	12.2	25.28
4	15.42	20.48	15.24	14.39
4	15.76	22.54	14.65	15.27
4	23.01	23.85	11.15	13.65
4	24.12	23.36	10.87	14.25
4	16.97	15.82	17.44	25.16
4	17.62	15.0	16.09	25.6
4	23.31	15.53	11.89	18.22
4	21.83	13.16	14.78	17.91
4	17.14	11.88	14.62	22.03
4	10.31	13.0	16.6	25.93
4	15.61	12.63	15.99	29.11
4	14.55	12.42	10.65	23.92
4	23.43	22.0	12.36	15.39
4	16.98	22.11	14.14	15.66
4	17.71	16.61	18.59	23.62
4	12.76	14.46	18.51	27.72
4	23.97	14.91	11.27	18.06
4	16.31	12.07	16.43	22.52
4	20.86	16.08	14.2	19.61
4	13.28	12.59	17.7	27.48
4	9.98	12.77	19.3	29.35
4	17.12	14.27	17.72	23.89
4	10.84	11.49	16.1	35.26
4	19.87	25.39	10.86	14.48
4	17.14	19.11	14.07	20.54
4	10.29	12.36	18.21	29.57
4	10.81	11.61	22.28	30.79
4	14.59	15.75	15.92	25.38
4	19.63	16.17	16.62	22.6
4	12.66	13.5	16.45	29.69
4	15.88	15.85	17.94	24.48
4	16.59	15.29	17.04	26.11
4	12.61	16.14	18.49	30.06
4	13.45	10.68	11.63	26.19
4	11.79	13.53	17.16	30.14
4	21.13	16.95	15.64	20.3
4	17.21	13.14	17.88	26.26
4	10.58	16.57	9.77	20.36
4	8.29	15.1	7.58	18.56
4	14.0	13.85	13.95	24.89
4	12.37	14.07	17.74	27.11
4	12.25	14.3	12.9	22.46
4	13.65	12.96	18.01	26.71
4	11.68	11.97	18.35	32.59
4	18.0	14.68	14.35	22.06
4	12.33	12.5	18.35	28.67
4	22.03	13.71	17.24	19.82
4	19.01	16.61	15.11	23.32
4	19.26	16.17	16.46	23.36
4	16.03	11.47	11.55	24.33
4	16.35	16.15	15.73	25.99
4	12.27	9.64	8.97	35.74
4	16.1	14.16	19.75	27.52
4	19.94	12.9	21.63	24.3
4	16.4	21.92	12.73	16.7
4	20.15	12.74	15.6	27.04
4	15.99	14.26	15.3	31.45
4	15.27	11.98	9.89	29.13
4	18.09	14.25	18.65	25.71
4	15.91	12.79	12.91	21.18
4	16.69	14.19	18.6	26.96
4	14.28	16.58	14.88	26.0
4	15.06	12.93	12.98	26.76
4	16.3	15.54	14.51	24.66
4	18.64	15.66	15.81	21.92
4	17.05	15.43	16.0	25.57
4	11.56	11.61	11.62	41.42
4	11.79	11.21	12.78	23.76
4	15.88	12.6	12.85	25.34
4	13.95	11.86	14.17	28.99
4	13.82	12.51	18.72	31.74
4	16.04	15.87	13.87	20.11
4	14.3	11.3	13.74	25.55
4	15.53	13.82	17.45	24.43
4	9.29	11.27	18.89	30.88
4	12.21	13.49	17.25	31.77
4	16.65	12.01	13.68	24.17
4	11.78	11.23	11.26	26.75
4	14.02	11.45	12.93	33.56
4	14.3	15.67	17.33	24.56
4	16.74	15.46	16.31	25.98
4	19.37	14.4	18.96	26.4
4	16.27	13.19	18.17	29.28
4	19.44	16.17	16.52	25.58
4	20.18	15.39	14.82	25.12
4	18.16	15.18	15.77	22.74
4	14.2	11.67	10.29	28.48
4	16.84	13.94	10.17	23.1
4	14.01	14.57	13.68	22.01
4	16.61	15.73	17.84	24.46
4	17.93	13.9	15.23	20.33
4	17.36	14.67	15.97	20.38
4	11.73	14.09	16.43	29.47
4	16.38	20.44	15.13	19.31
4	17.46	20.3	14.05	19.24
4	16.83	18.09	14.65	24.04
4	13.88	20.07	16.6	22.73
4	15.08	15.8	17.15	27.2
4	17.27	14.48	15.83	21.33
4	13.76	13.53	15.52	25.9
4	23.72	15.99	15.0	19.27
4	18.43	13.38	15.82	27.0
4	17.06	14.77	14.78	16.26
4	13.77	16.73	17.93	26.37
4	12.47	11.15	11.87	31.09
4	18.09	14.72	20.4	22.92
4	14.34	14.52	16.8	21.52
4	14.61	15.64	20.9	29.6
4	18.33	15.24	22.03	23.59
4	20.96	14.54	18.49	25.69
4	20.6	15.93	15.49	23.86
4	24.07	16.93	11.74	20.14
4	20.51	17.94	18.12	24.85
4	22.1	14.85	17.55	21.13
4	25.19	14.03	17.62	24.43
4	16.78	13.73	19.39	27.1
4	21.99	17.01	18.76	22.4
4	22.44	12.92	18.1	21.04
4	23.34	21.72	10.04	17.14
4	14.7	13.33	10.17	16.53
4	26.25	16.01	16.44	17.02
4	22.41	15.83	16.1	21.57
4	24.96	15.81	14.64	20.06
4	15.64	11.03	25.54	26.84
4	22.49	12.02	21.07	23.8
4	12.71	10.19	23.69	30.29
4	10.31	10.43	23.97	33.98
4	9.7	10.68	21.68	36.54
4	10.52	10.84	21.02	36.88
4	9.53	9.0	23.0	39.32
4	9.55	9.42	23.3	40.44
4	13.44	12.37	20.57	31.2
4	13.61	12.39	23.86	30.85
4	11.94	12.07	24.55	32.16
4	12.28	11.94	21.58	32.57
4	11.4	11.75	22.52	35.4
4	10.41	11.74	19.08	40.65
4	12.95	11.44	20.28	33.36
4	10.75	12.98	18.49	38.14
4	12.44	15.22	17.95	31.77
4	17.46	10.78	14.42	30.23
4	14.08	14.46	18.22	31.46
4	12.64	16.5	14.79	23.7
4	12.13	13.11	18.77	36.69
4	10.68	13.29	16.31	39.65
4	14.64	13.26	16.18	33.49
4	13.08	10.99	20.03	32.88
4	10.19	11.25	15.8	44.24
4	12.64	12.07	19.03	34.5
4	7.51	14.55	5.54	21.44
4	18.15	13.17	17.76	30.31
4	17.44	15.3	14.89	22.96
4	12.57	11.9	17.94	36.13
4	10.64	15.32	10.06	16.6
4	14.94	11.56	18.66	32.98
4	12.99	10.19	18.17	35.6
4	12.28	11.28	20.83	30.89
4	10.58	10.94	9.79	23.76
4	12.78	10.63	20.32	33.48
4	12.3	12.14	20.92	34.69
4	11.44	16.53	7.4	15.84
4	11.33	10.75	17.73	36.68
4	12.01	18.6	7.18	13.94
4	17.97	14.6	16.29	28.37
4	18.37	13.91	18.09	28.68
4	13.62	15.56	17.49	31.29
4	12.67	11.57	16.83	36.68
4	10.14	15.2	12.51	19.2
4	13.31	11.2	21.96	34.62
4	12.44	15.33	11.45	17.14
4	13.0	10.25	24.98	33.14
4	21.28	16.69	12.1	18.28
4	12.26	17.38	6.23	14.58
4	21.46	13.39	18.4	24.11
4	23.94	12.61	20.02	22.38
4	31.07	15.17	17.47	17.79
4	21.52	12.94	20.37	22.62
4	25.48	12.33	19.29	21.51
4	21.24	11.11	19.77	27.78
4	22.51	12.47	21.31	23.59
4	13.99	11.5	20.87	30.53
4	10.71	10.46	19.83	39.59
4	20.54	13.35	17.24	28.61
4	12.22	11.63	20.68	34.18
4	11.42	12.56	17.2	37.75
4	7.19	12.17	6.47	22.77
4	28.51	17.2	15.7	19.7
4	28.1	14.83	16.97	19.45
4	14.58	12.24	23.12	29.74
4	30.89	18.44	14.15	17.11
4	27.43	13.17	19.77	17.94
4	26.96	13.86	18.91	19.84
4	29.27	15.65	15.99	18.21
4	33.11	14.33	16.63	18.15
4	22.13	12.68	19.83	24.21
4	24.48	15.74	13.91	18.62
4	15.57	16.49	11.81	15.75
4	24.51	12.81	20.57	21.1
4	21.06	13.0	21.76	23.91
4	12.07	12.41	20.96	31.91
4	11.11	10.15	19.98	37.78
4	16.92	17.51	12.09	16.76
4	12.25	11.77	20.67	36.0
4	22.44	18.34	17.34	23.37
4	13.72	14.99	20.56	28.35
4	13.34	11.72	21.15	35.37
4	11.8	11.81	23.26	33.95
4	11.22	10.97	19.72	40.97
4	14.35	11.84	24.37	30.11
4	11.84	12.3	21.47	33.94
4	12.52	11.49	20.34	36.49
4	9.85	10.12	17.15	42.1
4	17.88	13.86	7.06	20.15
4	25.66	19.55	10.65	18.89
4	17.0	13.66	7.1	19.4
4	13.7	11.15	6.05	23.23
4	26.32	17.52	10.25	17.02
4	26.88	19.22	10.5	17.02
4	25.49	18.28	10.44	14.76
4	23.27	20.04	10.68	16.93
4	28.33	18.74	9.46	15.63
4	21.44	17.51	9.0	17.49
4	24.58	18.58	9.46	14.9
4	25.84	18.85	10.14	15.74
4	25.44	18.46	11.32	15.71
4	24.36	18.64	9.79	16.98
4	21.58	17.21	10.22	18.2
4	8.06	10.6	5.06	22.49
4	12.01	11.38	6.45	23.48
4	29.3	17.12	10.82	17.52
4	31.2	17.34	11.61	17.29
4	19.16	14.3	8.47	22.77
4	28.54	19.11	10.78	18.18
4	22.15	14.29	10.57	19.8
4	25.45	19.04	11.29	18.53
4	23.04	17.75	11.61	18.3
4	24.99	19.16	11.91	19.02
4	26.31	18.15	12.47	18.4
4	19.04	17.35	10.52	16.01
4	17.95	17.12	9.41	17.38
4	23.78	18.61	10.56	14.92
4	19.59	17.26	11.19	18.66
4	21.23	19.94	11.91	18.49
4	22.98	20.24	11.99	17.45
4	21.75	18.67	11.08	19.55
4	19.37	18.02	13.38	20.28
4	15.68	17.35	14.84	20.09
4	16.46	17.39	15.76	22.53
4	13.7	18.62	14.97	23.6
4	14.02	20.5	13.44	23.84
4	12.18	14.88	17.1	28.41
4	13.12	15.25	16.13	26.51
4	11.79	14.2	18.49	29.58
4	9.74	12.33	14.52	28.2
4	16.75	13.68	13.35	24.96
4	12.74	13.93	16.74	31.36
4	9.48	12.44	13.25	35.08
4	12.14	14.34	16.25	35.1
4	14.84	13.32	12.49	31.97
4	10.1	13.66	14.7	42.05
4	17.07	14.42	13.17	21.61
4	18.86	14.2	17.14	26.6
4	14.3	11.28	7.43	15.91
4	20.89	14.64	18.63	21.27
4	15.56	15.51	15.87	26.14
4	22.13	15.76	10.97	20.45
4	16.72	12.97	8.32	23.89
4	26.75	14.23	16.51	19.18
4	15.47	14.19	16.04	30.17
4	11.61	10.84	15.89	43.17
4	10.96	10.43	12.39	32.14
4	21.75	13.03	15.72	26.65
4	11.07	11.91	17.8	35.59
4	18.3	13.0	16.59	26.86
4	19.44	13.41	16.89	27.67
4	14.55	12.07	11.25	25.39
4	13.37	14.39	21.39	30.56
4	13.16	14.69	9.27	19.75
4	16.25	11.28	20.61	30.4
4	13.25	10.71	17.91	37.4
4	15.26	10.88	16.06	30.64
4	12.29	10.5	23.49	34.45
4	10.78	10.82	12.57	33.78
4	12.47	10.39	20.3	37.32
4	14.04	10.39	25.07	31.94
4	20.04	11.93	25.91	23.65
4	15.35	11.87	20.08	31.24
4	13.29	12.31	23.39	32.28
4	15.64	11.8	25.08	28.88
4	15.56	11.59	25.31	28.95
4	14.67	11.75	21.29	32.76
4	19.25	12.76	19.18	27.52
4	19.25	11.81	19.94	27.83
4	22.41	13.34	13.16	20.77
4	18.48	12.76	16.59	29.15
4	11.13	15.74	19.32	31.53
4	16.53	12.76	18.21	31.99
4	23.08	12.9	16.25	25.68
4	13.5	11.06	19.32	32.6
4	11.14	15.19	19.12	29.97
4	10.21	9.07	13.3	38.21
4	10.48	11.88	14.93	43.88
4	18.97	11.48	10.8	20.98
4	15.98	13.41	17.17	28.15
4	11.24	10.65	18.91	36.98
4	15.38	10.98	11.72	26.02
4	11.14	14.49	19.65	34.99
4	23.03	14.23	14.5	23.92
4	22.69	16.65	14.89	20.76
4	13.62	12.92	17.54	30.57
4	13.12	12.46	19.93	31.11
4	26.19	13.4	12.64	22.27
4	16.35	13.4	16.63	28.11
4	20.01	13.17	11.69	22.55
4	21.81	14.18	11.45	20.74
4	13.58	13.13	19.06	28.25
4	29.77	15.53	11.81	20.03
4	32.89	15.53	12.25	18.14
4	30.27	16.48	15.17	19.26
4	28.78	17.34	14.02	20.25
4	33.16	15.23	12.78	18.93
4	14.57	19.47	13.94	21.32
4	12.96	18.32	14.45	21.44
4	11.15	16.75	17.75	24.51
4	11.08	16.3	16.09	23.55
4	12.53	18.02	15.86	23.15
4	13.99	14.32	14.26	27.84
4	11.0	13.27	13.81	36.04
4	12.77	17.56	15.21	32.46
4	20.83	18.79	13.3	18.28
4	11.28	13.07	16.74	33.08
4	13.27	15.33	14.01	35.05
4	9.4	14.62	5.89	12.42
4	7.1	9.95	10.19	28.99
4	11.9	12.35	17.96	32.55
4	12.76	11.31	16.42	25.08
4	10.84	13.17	17.9	31.51
4	11.27	12.49	17.13	34.65
4	15.23	15.36	18.25	25.12
4	16.25	17.16	17.02	21.4
4	27.87	18.43	15.01	16.77
4	27.49	19.16	15.69	16.46
4	28.82	17.85	14.01	17.92
4	14.98	12.85	24.45	24.02
4	17.19	16.3	21.34	19.81
4	17.2	14.95	12.38	20.99
4	13.83	12.41	22.51	26.8
4	22.49	15.55	18.28	23.92
4	27.5	17.36	15.91	17.94
4	25.61	16.38	16.77	19.67
4	15.85	14.56	20.42	29.3
4	25.12	14.5	16.17	25.36
4	26.83	15.69	16.94	20.22
4	30.29	16.9	13.88	16.59
4	25.16	14.29	15.92	24.3
4	15.73	14.81	14.47	21.62
4	31.35	14.56	13.99	17.14
4	14.24	12.36	17.94	32.79
4	14.91	10.09	20.66	33.32
4	11.99	10.22	16.22	37.44
4	24.29	11.54	16.27	27.6
4	24.69	13.82	17.54	21.62
4	21.13	12.16	16.0	28.55
4	15.94	10.45	19.81	32.69
4	15.26	10.83	15.92	31.2
4	9.56	7.81	6.49	38.01
4	16.38	10.55	19.99	31.16
4	19.14	10.39	22.65	25.22
4	14.46	12.73	9.18	19.77
4	19.08	10.78	19.79	29.11
4	15.08	9.66	21.37	33.11
4	19.67	10.87	18.58	31.87
4	20.61	13.11	17.98	25.89
4	15.63	11.53	11.56	22.35
4	16.88	11.93	20.5	28.43
4	14.1	9.17	11.88	30.65
4	12.63	10.63	17.17	37.42
4	12.46	10.44	21.27	35.71
4	16.17	10.31	18.52	30.37
4	13.37	13.48	21.04	29.25
4	14.25	13.13	25.05	25.33
4	12.46	12.92	20.13	30.81
4	13.16	10.13	24.11	34.23
4	11.37	9.88	24.45	34.33
4	13.85	10.87	20.49	32.82
4	8.99	15.34	7.95	23.75
4	13.59	16.02	18.38	26.34
4	33.64	16.86	12.67	16.22
4	21.35	18.56	14.88	21.09
4	13.52	15.13	16.98	31.11
4	12.72	10.2	9.38	29.11
4	11.48	10.41	21.6	33.14
4	13.67	10.4	18.61	33.06
4	16.2	11.42	21.56	31.41
4	14.63	12.13	22.75	30.08
4	15.42	10.57	26.87	28.02
4	17.49	13.74	24.69	24.59
4	16.29	13.68	23.49	24.52
4	14.5	12.8	20.86	29.4
4	13.42	11.59	22.92	31.27
4	5.74	6.42	11.53	38.27
4	9.59	8.28	23.17	40.94
4	14.84	10.18	23.97	31.55
4	16.12	10.97	20.31	30.78
4	17.51	11.76	20.88	28.48
4	15.21	10.66	19.79	33.07
4	9.83	8.7	20.66	31.14
4	15.83	11.66	27.59	24.12
4	16.52	10.92	21.27	28.87
4	17.5	12.58	21.52	27.18
4	18.61	11.45	19.87	28.25
4	14.26	11.27	19.85	34.46
4	13.14	11.33	25.24	31.55
4	14.56	12.39	19.87	33.27
4	12.58	10.93	23.25	32.12
4	16.03	11.29	20.1	28.7
4	17.33	12.25	20.96	26.49
4	18.74	11.94	21.0	26.09
4	14.01	10.76	19.59	36.25
4	12.97	11.47	22.02	32.07
4	13.73	11.68	23.54	30.48
4	12.43	10.33	23.4	34.63
4	14.06	11.07	19.17	33.35
4	12.13	9.04	18.83	40.74
4	15.97	11.13	22.24	30.0
4	12.23	9.83	18.39	35.81
4	16.3	10.71	21.53	30.4
4	14.71	9.65	22.12	31.27
4	14.49	11.76	25.77	25.95
4	18.3	10.59	23.57	27.58
4	13.22	11.0	22.45	31.7
4	14.46	10.92	21.9	33.06
4	12.46	10.85	24.79	31.1
3	10.21	7.91	21.08	38.73
3	11.29	8.76	22.45	36.19
3	9.34	7.48	19.19	45.53
3	9.88	6.73	19.19	41.34
3	11.48	9.16	21.76	35.1
3	10.87	7.98	18.56	38.53
3	10.64	6.71	19.09	44.86
3	10.82	7.37	19.28	43.7
3	11.32	6.89	19.27	42.81
3	9.29	6.85	20.99	45.95
3	12.3	6.36	20.4	42.29
3	8.62	5.9	20.46	46.99
3	10.81	7.76	20.7	38.46
3	9.17	7.05	19.26	41.53
3	8.81	7.37	22.01	39.27
3	10.61	8.25	25.26	37.57
3	10.2	8.45	24.98	32.53
3	10.03	9.34	23.22	31.29
3	10.26	8.12	19.98	38.97
3	9.58	8.61	22.24	39.03
3	12.56	10.55	17.49	36.36
3	13.5	9.84	17.34	37.02
3	14.05	9.7	17.4	38.66
3	11.91	7.82	21.98	40.18
3	11.49	7.19	23.66	40.7
3	10.76	6.94	19.02	45.55
3	10.83	6.64	22.99	41.18
3	8.69	7.5	21.73	40.84
3	7.81	6.0	19.41	50.34
3	10.54	9.18	17.66	38.87
3	13.56	9.34	18.96	36.69
3	12.04	9.35	19.04	38.07
3	15.82	9.13	17.1	36.91
3	12.25	9.49	16.66	36.59
3	13.56	9.17	18.01	38.29
3	12.55	9.65	16.84	39.69
3	12.33	8.36	16.47	41.67
3	13.8	8.61	18.24	39.49
3	13.73	8.46	18.05	39.67
3	14.69	8.64	19.95	37.16
3	11.95	7.96	19.0	42.54
3	11.77	8.17	18.26	40.41
3	11.96	8.3	17.73	41.21
3	12.27	7.61	17.86	40.25
3	12.78	8.78	19.23	38.23
3	12.53	9.99	19.13	38.21
3	13.85	9.22	17.8	38.67
3	11.13	7.27	17.49	44.15
3	10.73	9.27	20.04	36.23
3	11.05	9.41	21.57	35.91
3	13.95	10.94	24.33	29.87
3	11.76	10.34	20.56	34.66
3	12.23	11.32	20.4	34.57
3	9.74	9.43	19.34	42.29
3	10.57	8.44	19.72	41.86
3	10.63	8.84	20.52	41.32
3	9.91	5.8	17.88	48.64
3	10.73	7.7	16.61	44.03
3	12.82	7.86	17.57	40.39
3	10.57	6.82	18.53	41.6
3	11.16	7.07	19.58	41.74
3	11.85	6.93	18.75	45.49
3	8.58	6.84	17.05	42.26
3	10.42	9.53	15.06	38.13
3	10.7	8.78	19.19	39.3
3	10.21	7.66	17.1	42.01
3	9.08	7.55	20.93	43.53
3	10.49	8.56	18.65	39.53
3	10.4	7.41	17.53	44.65
3	12.05	6.46	21.12	42.02
3	12.0	8.61	18.84	37.16
3	11.13	9.02	20.53	41.23
3	11.37	8.78	16.4	41.97
3	9.51	5.98	17.35	45.1
3	13.94	8.85	19.42	34.51
3	9.32	7.13	24.41	36.38
3	11.61	9.39	21.63	36.23
3	14.57	9.54	23.33	31.95
3	8.94	8.78	9.49	34.14
3	11.73	10.63	22.46	37.57
3	11.99	9.76	18.15	39.06
3	11.48	10.01	17.11	36.98
3	10.02	9.42	17.69	41.54
3	12.83	9.17	17.16	40.33
3	10.32	8.75	20.02	42.26
3	12.08	9.25	18.51	40.65
3	11.81	9.06	17.7	41.17
3	11.0	9.76	18.33	39.15
3	11.57	8.52	16.69	44.01
3	14.46	9.13	19.34	38.85
3	11.76	9.07	18.28	42.86
3	11.72	9.4	17.35	41.05
3	13.32	8.46	17.52	40.56
3	10.23	8.25	17.55	42.33
3	10.14	7.95	16.57	46.15
3	14.07	8.79	19.94	36.21
3	11.44	8.58	19.12	40.49
3	11.39	7.94	19.31	42.66
3	11.22	7.2	18.41	46.02
3	10.85	7.9	21.01	42.36
3	11.25	8.15	19.64	40.05
3	10.79	8.02	18.9	42.53
3	9.69	8.21	18.2	44.43
3	11.55	8.66	18.12	39.62
3	12.57	9.08	17.09	38.37
3	12.42	8.92	15.75	39.92
3	12.63	8.5	22.53	36.75
3	12.88	8.88	19.27	37.99
3	13.74	10.04	18.44	33.73
3	12.28	10.1	17.26	38.5
3	12.12	9.06	18.73	38.48
3	13.09	8.25	17.05	40.6
3	11.18	8.13	18.03	41.12
3	12.15	8.11	16.47	39.77
3	13.14	8.37	19.56	39.81
3	10.09	7.78	19.06	43.14
3	9.96	6.35	17.75	47.06
3	13.19	9.16	23.33	36.07
3	10.06	8.28	19.01	45.83
3	12.79	7.62	23.41	36.87
3	12.47	7.94	25.44	37.77
3	10.08	6.82	16.1	48.7
3	17.13	18.9	18.52	23.25
3	18.45	16.13	18.67	24.39
3	14.88	13.51	19.13	30.93
3	20.45	14.86	20.86	23.16
3	14.28	12.47	18.41	31.92
3	14.08	8.88	23.28	33.22
3	11.81	9.55	23.38	33.74
3	12.8	8.7	22.74	35.67
3	10.44	9.06	19.3	39.52
3	10.86	9.46	20.79	35.44
3	12.63	7.76	16.51	46.22
3	11.92	8.22	19.78	42.1
3	12.09	8.1	19.56	41.01
3	12.89	8.1	18.65	40.64
3	12.16	6.34	17.38	45.13
3	11.16	8.33	17.78	43.17
3	12.01	7.93	19.5	38.15
3	11.31	7.34	18.89	42.72
3	13.13	7.46	18.29	41.98
3	13.24	7.14	19.05	40.97
3	13.07	7.94	18.94	39.7
3	13.15	6.59	17.85	41.53
3	10.66	6.55	18.43	45.27
3	10.92	6.25	17.65	44.97
3	9.65	5.96	17.65	45.69
3	8.24	5.78	17.48	50.25
3	8.51	6.25	16.15	50.17
3	10.16	7.22	19.6	43.3
3	9.64	7.16	17.76	46.54
3	11.36	6.78	18.68	44.89
3	9.68	6.46	17.92	47.77
3	12.15	7.91	19.55	42.24
3	10.42	6.23	18.15	44.92
3	11.0	6.54	18.64	43.85
3	11.29	7.67	15.57	42.4
3	11.86	7.77	17.92	42.88
3	11.32	7.11	17.64	44.45
3	11.34	6.86	18.05	42.83
3	11.38	8.13	18.28	43.61
3	12.62	8.18	18.04	42.28
3	10.66	10.5	20.44	36.21
3	14.25	11.57	22.29	31.92
3	12.92	10.91	18.59	34.13
3	11.33	10.28	17.81	37.55
3	11.3	10.18	21.58	34.16
3	10.75	10.11	19.19	38.49
3	12.0	9.51	21.05	35.0
3	11.87	9.66	18.35	36.64
3	11.93	9.16	20.83	37.27
3	10.47	9.8	18.8	38.94
3	11.66	10.08	19.32	35.44
3	10.86	9.55	18.23	40.1
3	13.44	11.79	17.6	28.31
3	11.53	9.87	19.57	35.77
3	11.75	10.0	18.61	37.51
3	12.25	10.47	19.98	35.9
3	11.65	9.78	19.24	37.17
3	12.68	9.56	21.42	35.64
3	13.05	8.67	19.08	38.68
3	11.47	8.81	20.12	38.37
3	13.12	9.17	21.92	36.11
3	13.41	8.85	20.35	36.96
3	12.81	8.43	22.42	37.11
3	10.19	8.56	17.0	43.59
3	13.57	8.6	17.67	37.74
3	11.28	10.58	20.83	34.09
3	11.81	9.31	20.91	36.05
3	14.0	9.73	17.97	35.66
3	11.74	8.9	18.93	40.12
3	11.92	8.34	20.16	40.57
3	12.43	8.44	17.91	39.12
3	12.54	7.79	19.45	39.03
3	11.49	8.23	18.86	41.06
3	12.75	8.43	21.64	38.35
3	10.79	8.51	18.85	41.98
3	10.76	6.46	19.75	41.99
3	12.91	7.77	20.49	39.44
3	11.38	6.6	21.14	40.91
3	10.54	7.46	19.86	45.19
3	12.14	8.04	17.83	37.82
3	10.39	7.93	21.13	38.74
3	12.4	8.18	21.9	36.81
3	13.37	7.72	18.58	42.52
3	11.0	8.53	20.73	40.27
3	12.84	8.72	21.09	35.16
3	11.15	7.88	20.67	39.74
3	11.54	7.55	21.48	39.18
3	12.11	8.07	23.1	39.77
3	10.98	8.26	19.12	42.02
3	11.01	8.18	17.76	43.38
3	11.67	8.26	21.09	40.65
3	11.16	7.09	19.3	43.06
3	12.36	7.81	21.96	39.13
3	11.22	7.17	20.23	43.25
3	11.54	6.73	22.3	41.72
3	12.28	7.26	21.43	38.56
3	9.24	7.63	18.64	44.68
3	9.51	6.81	18.0	46.02
3	9.8	5.44	18.25	45.97
3	10.09	6.59	19.66	43.09
3	9.35	6.0	16.63	48.86
3	10.21	6.81	22.17	41.52
3	9.69	6.36	19.21	44.85
3	8.78	5.26	18.31	47.81
3	9.75	5.61	19.18	47.29
3	9.78	6.68	21.59	42.27
3	9.14	7.46	18.89	43.58
3	12.01	7.3	17.85	42.81
3	10.63	6.77	18.66	43.22
3	8.81	6.34	18.16	48.53
3	10.3	6.71	18.53	45.32
3	10.62	6.62	18.33	45.31
3	8.32	5.79	16.15	50.01
3	11.04	7.97	20.02	41.54
3	11.6	7.58	19.91	42.81
3	9.58	5.72	17.73	45.57
3	8.22	6.1	16.25	52.98
3	14.14	7.85	21.46	38.53
3	14.83	14.72	23.43	27.55
3	16.74	15.79	13.46	17.84
3	14.43	13.22	27.31	27.61
3	14.02	13.88	26.05	28.77
3	17.21	15.73	22.15	20.97
3	14.05	15.83	25.0	26.8
3	13.1	14.26	22.36	30.81
3	14.21	14.11	22.28	32.73
3	13.43	14.88	21.11	33.28
3	15.07	15.14	24.41	29.38
3	12.93	14.57	20.2	34.78
3	13.12	13.18	23.15	33.16
3	10.93	8.91	17.52	44.78
3	11.86	9.5	16.53	39.58
3	12.69	11.87	22.25	35.98
3	11.07	10.25	19.99	41.55
3	10.83	9.71	20.3	40.21
3	11.24	9.62	20.96	42.42
3	11.04	10.05	20.08	41.46
3	11.24	9.89	17.15	46.33
3	14.1	16.57	18.93	27.55
3	14.94	18.59	19.97	27.3
3	13.57	19.99	17.71	28.19
3	14.27	15.04	20.61	29.84
3	15.42	17.02	20.21	28.69
3	15.65	19.22	17.97	25.87
3	14.25	17.78	19.42	29.94
3	13.88	16.97	19.72	30.26
3	17.92	15.47	18.81	28.85
3	16.52	12.94	18.14	33.11
3	14.01	16.43	18.64	31.13
3	14.93	14.58	20.5	31.76
3	13.96	15.36	19.46	31.98
3	14.13	13.67	19.02	33.27
3	12.45	13.02	18.42	38.16
3	15.76	12.76	17.12	36.54
3	11.93	9.34	18.28	37.87
3	10.31	7.33	19.33	40.03
3	9.04	7.09	19.31	38.63
3	10.16	7.61	21.0	38.4
3	9.3	7.17	17.37	42.55
3	11.33	7.99	18.92	35.14
3	12.9	13.73	18.77	34.91
3	13.67	12.99	19.01	34.9
3	13.15	12.64	18.09	37.64
3	13.83	14.24	19.68	33.48
3	10.48	10.01	15.61	45.65
3	10.66	10.59	18.44	44.09
3	11.92	8.69	15.42	44.57
3	10.24	10.29	15.65	45.2
3	17.73	10.83	14.51	33.71
3	15.26	12.32	19.86	32.73
3	14.92	15.11	20.63	28.4
3	12.68	15.2	20.47	32.68
3	13.47	14.97	18.4	33.28
3	14.03	14.29	18.79	31.98
3	14.01	13.96	20.76	32.43
3	13.25	11.24	19.84	37.11
3	11.63	12.16	20.16	38.73
3	12.78	11.56	20.82	36.53
3	10.79	9.28	18.28	45.93
3	11.05	8.95	21.23	36.71
3	13.51	9.27	19.65	35.92
3	14.09	9.7	19.82	31.0
3	9.12	7.78	17.21	48.13
3	16.48	12.72	8.08	29.06
3	14.65	14.17	19.44	30.15
3	14.77	15.0	18.35	34.68
3	14.18	17.44	16.76	30.84
3	13.08	15.55	20.37	32.67
3	15.6	15.64	14.72	34.06
3	16.66	15.42	17.09	28.21
3	13.34	17.95	16.76	30.14
3	14.08	15.39	17.33	30.78
3	14.98	13.39	17.58	34.45
3	17.41	14.87	15.29	31.55
3	15.2	19.19	19.52	26.42
3	14.73	13.62	18.87	33.32
3	13.22	14.49	17.33	35.05
3	13.9	15.25	18.53	33.03
3	12.13	14.38	16.89	38.3
3	13.89	11.13	15.77	36.68
3	12.69	15.33	19.53	31.74
3	13.47	13.04	19.36	34.24
3	12.87	10.39	17.21	39.5
3	18.93	15.81	10.58	29.77
3	21.97	15.38	16.02	27.36
3	15.54	15.06	17.59	34.36
3	12.13	17.21	18.4	32.54
3	15.54	15.03	20.7	31.36
3	13.14	13.6	20.57	33.57
3	13.86	13.84	18.68	32.84
3	11.51	11.37	20.58	38.61
3	16.49	16.06	17.25	32.65
3	12.65	16.79	19.21	28.43
3	14.7	15.61	17.8	30.16
3	13.75	14.24	19.85	30.65
3	12.72	13.95	17.32	35.34
3	11.16	11.21	16.33	38.73
3	13.41	13.99	19.63	32.85
3	12.92	12.29	20.84	32.32
3	12.7	11.51	17.86	38.17
3	22.08	16.18	19.73	24.47
3	15.61	14.57	21.33	28.6
3	15.89	15.15	21.56	29.75
3	13.86	15.84	21.62	29.54
3	14.51	16.67	21.2	29.85
3	14.93	16.39	22.83	28.6
3	12.66	17.11	19.97	32.75
3	13.11	11.74	22.08	33.47
3	12.94	9.77	21.76	34.09
3	11.51	11.37	20.58	38.61
3	11.38	10.85	19.4	38.98
3	10.61	9.94	17.45	42.03
3	11.81	10.27	20.41	41.23
3	11.3	8.42	20.07	41.85
3	11.39	10.51	20.41	38.79
3	21.55	12.7	15.38	24.8
3	15.71	13.07	9.12	23.88
3	14.27	13.96	20.82	32.16
3	11.06	13.14	18.33	37.42
3	12.67	10.7	17.06	38.36
3	11.1	10.79	18.04	41.2
3	18.03	12.6	13.17	34.4
3	17.09	14.21	18.84	30.22
3	13.5	15.2	17.25	34.52
3	13.17	15.92	18.08	31.85
3	14.86	13.5	18.31	33.82
3	13.82	13.96	18.84	32.95
3	13.23	13.03	18.02	34.64
3	13.49	12.92	19.83	34.67
3	11.46	13.52	17.18	38.52
3	16.67	16.47	16.92	30.19
3	19.21	14.8	18.9	29.7
3	17.9	14.24	11.91	27.83
3	17.7	18.17	18.59	27.26
3	15.49	15.86	18.09	30.27
3	14.4	16.63	17.41	32.7
3	11.28	13.61	19.02	34.57
3	12.67	16.08	15.68	35.39
3	17.36	16.94	16.01	31.3
3	11.9	18.64	16.55	33.7
3	13.97	21.31	19.2	29.07
3	16.97	20.68	17.5	26.39
3	18.6	18.27	18.84	26.63
3	18.88	13.39	21.51	25.57
3	15.23	13.48	23.37	28.46
3	15.03	14.81	23.01	27.2
3	17.31	13.54	24.05	27.46
3	17.85	13.17	26.87	24.58
3	10.18	10.76	23.03	34.45
3	12.53	13.04	23.28	29.24
3	11.41	13.35	21.83	29.95
3	11.7	12.56	21.42	32.28
3	11.0	13.0	13.0	39.28
3	10.86	7.91	20.24	42.41
3	10.83	9.09	18.86	45.36
3	11.85	8.75	22.25	38.87
3	20.76	11.77	15.24	29.31
3	15.01	14.03	25.64	28.51
3	15.33	14.48	15.86	32.59
3	13.3	11.76	21.05	35.81
3	18.64	13.77	21.03	28.3
3	13.43	14.37	22.88	30.22
3	16.67	13.5	20.85	31.41
3	19.13	10.93	16.57	36.68
3	14.11	12.15	17.24	36.98
3	19.2	15.26	17.23	27.27
3	15.09	13.23	19.05	34.73
3	17.05	13.95	18.47	29.7
3	16.91	15.3	19.7	30.81
3	19.12	18.03	17.92	26.61
3	17.72	16.55	18.35	25.9
3	14.84	14.37	21.02	30.47
3	19.21	12.5	24.35	25.57
3	14.12	13.92	23.07	28.17
3	17.18	14.36	24.01	25.35
3	14.83	18.14	21.8	28.14
3	15.06	16.81	24.89	25.65
3	13.88	15.73	24.84	25.97
3	13.91	15.01	27.26	27.06
3	17.88	17.78	19.84	24.87
3	13.43	15.03	21.78	32.16
3	14.72	18.66	21.73	26.54
3	13.87	18.03	25.79	23.96
3	14.01	14.05	23.78	32.41
3	13.29	20.51	24.29	26.81
3	12.63	13.85	22.44	34.1
3	14.67	15.48	22.16	30.01
3	16.57	16.02	25.85	25.85
3	14.5	16.26	23.77	28.04
3	13.09	14.09	22.62	31.85
3	16.46	16.95	18.32	30.45
3	14.95	15.33	20.9	31.91
3	12.45	10.63	22.9	34.45
3	11.92	14.76	17.92	31.57
3	12.7	14.59	19.64	29.82
3	14.51	13.37	19.61	34.89
3	10.05	10.57	14.76	44.71
3	12.81	12.36	18.9	35.85
3	9.26	16.33	8.08	23.17
3	10.19	11.83	17.59	35.22
3	12.13	14.74	15.33	31.71
3	10.73	13.76	19.31	34.93
3	10.75	12.57	18.56	35.85
3	15.86	12.57	16.74	29.24
3	9.63	14.56	16.41	35.45
3	10.43	11.83	18.86	36.94
3	9.8	10.78	17.5	43.27
3	13.47	13.86	19.09	31.88
3	11.17	13.44	18.98	35.35
3	11.24	12.98	20.56	32.44
3	11.87	14.64	18.74	32.31
3	11.41	12.38	19.35	29.59
3	12.5	10.93	15.89	37.35
3	11.17	12.3	14.89	35.24
3	12.76	12.23	16.69	32.79
3	11.96	11.69	13.07	37.24
3	16.97	15.33	14.9	25.04
3	11.99	13.95	17.04	27.48
3	12.68	11.07	15.55	37.01
3	11.57	11.53	17.21	36.33
3	11.76	13.24	19.75	35.02
3	11.63	11.95	18.92	35.79
3	15.07	9.73	15.48	40.5
3	12.22	10.16	18.05	37.07
3	11.09	11.38	20.2	37.81
3	12.89	12.93	17.54	35.6
3	12.87	10.4	16.1	39.9
3	10.75	9.22	17.94	40.8
3	11.09	13.09	15.12	35.24
3	10.56	12.0	15.76	37.75
3	12.16	12.43	15.91	30.83
3	12.74	13.53	16.68	30.01
3	11.83	13.05	16.51	33.38
3	12.9	12.66	16.13	36.85
3	11.26	11.25	16.69	36.31
3	10.71	11.69	14.18	37.98
3	11.72	11.99	19.2	33.28
3	11.6	12.78	16.62	28.98
3	10.1	12.1	17.87	32.06
3	10.77	11.66	17.37	36.51
3	12.59	13.4	20.42	29.76
3	11.86	14.66	20.87	28.77
3	11.73	11.87	18.46	32.23
3	9.97	11.6	15.93	38.16
3	11.52	13.79	23.21	29.11
3	10.36	12.61	20.07	33.91
3	12.47	12.99	20.8	28.85
3	11.79	13.61	17.28	31.07
3	12.61	14.59	21.78	26.41
3	17.0	16.32	17.22	24.95
3	17.35	12.75	11.4	28.54
3	13.88	16.43	14.05	27.4
3	10.78	11.32	11.57	36.1
3	16.55	15.39	16.67	30.59
3	17.49	14.97	18.24	27.26
3	16.31	14.76	15.47	30.65
3	15.22	15.07	14.78	29.75
3	17.14	14.35	16.32	28.73
3	14.91	16.41	16.82	29.16
3	15.19	10.65	16.84	37.92
3	13.66	12.79	18.71	29.91
3	16.41	12.61	20.53	29.13
3	14.0	10.77	15.18	34.53
3	15.21	12.69	17.28	33.07
3	13.62	10.52	22.44	32.81
3	17.91	10.95	22.0	31.0
3	15.72	12.08	17.5	37.27
3	19.09	15.0	19.67	29.83
3	18.59	16.64	18.21	27.49
3	18.21	14.19	18.4	28.31
3	19.45	15.22	18.67	25.65
3	14.98	15.9	17.84	29.04
3	18.19	15.95	16.37	28.04
3	13.73	13.46	14.61	33.97
3	17.79	14.91	16.88	29.56
3	15.91	15.73	16.45	27.78
3	15.09	16.59	16.64	28.26
3	14.21	16.74	14.1	24.14
3	16.23	17.2	15.09	24.82
3	13.84	12.65	15.02	36.8
3	14.31	14.36	16.4	30.16
3	16.27	13.94	16.6	30.19
3	18.15	16.45	17.47	28.3
3	15.96	21.76	15.93	21.22
3	16.89	17.85	15.82	28.31
3	17.68	21.11	14.76	24.29
3	18.36	17.28	16.82	28.43
3	17.92	16.45	14.91	27.09
3	16.87	14.24	16.23	27.87
3	17.02	19.9	15.13	23.82
3	15.17	15.27	16.08	32.76
3	19.12	16.84	18.84	24.76
3	19.02	14.36	17.12	32.67
3	17.41	18.97	17.34	20.25
3	16.46	15.08	17.21	28.36
3	20.21	17.1	16.82	24.47
3	16.74	18.87	17.85	25.09
3	17.83	17.55	16.45	22.95
3	22.17	16.38	15.75	24.51
3	23.21	17.78	15.93	19.01
3	16.42	17.07	14.79	26.48
3	17.29	18.5	14.87	27.04
3	15.02	19.84	16.53	26.48
3	16.88	20.52	16.12	23.43
3	18.64	17.95	17.17	22.88
3	11.95	12.73	18.51	28.56
3	14.78	17.3	18.84	27.89
3	14.55	13.31	12.3	38.12
3	15.74	16.06	15.51	28.33
3	17.52	11.14	17.17	34.84
3	18.58	11.62	18.68	30.77
3	19.57	10.52	16.03	35.34
3	16.92	9.8	18.68	34.52
3	15.09	12.46	17.79	31.93
3	14.68	12.79	18.89	29.2
3	16.03	10.43	19.43	32.98
3	12.18	8.66	12.71	38.87
3	13.24	10.91	17.0	30.1
3	14.17	14.34	19.59	28.92
3	16.64	13.58	16.67	28.18
3	15.98	12.16	21.15	29.46
3	14.18	12.32	19.2	31.13
3	14.9	10.61	18.98	34.71
3	17.48	14.34	18.49	29.98
3	16.62	15.07	17.07	28.77
3	17.03	12.75	18.0	31.13
3	13.48	10.85	21.52	34.91
3	16.62	9.3	21.49	30.83
3	12.15	9.4	22.32	34.7
3	11.83	8.4	20.27	40.13
3	10.14	7.46	18.13	39.52
3	12.88	9.91	23.17	34.66
3	13.45	8.67	21.04	36.23
3	16.6	12.7	20.21	29.73
3	16.27	13.29	17.65	30.41
3	18.22	13.34	17.35	28.96
3	18.13	11.54	20.93	29.27
3	17.02	12.51	18.58	30.28
3	17.78	11.94	20.13	29.85
3	16.65	10.53	20.06	32.11
3	13.97	9.3	17.08	39.5
3	14.62	7.77	18.68	40.91
3	15.43	9.07	19.43	37.15
3	13.19	8.34	15.61	36.64
3	12.3	9.64	13.97	32.58
3	14.4	13.25	16.91	30.35
3	14.98	16.91	19.03	26.84
3	13.61	11.52	20.8	34.07
3	16.08	14.19	18.06	32.64
3	16.59	13.75	20.06	31.75
3	18.0	16.71	20.47	27.74
3	17.86	13.74	19.77	28.58
3	17.58	12.57	19.47	32.26
3	18.2	14.18	22.77	26.66
3	17.7	15.95	19.95	24.2
3	18.11	13.66	18.49	26.81
3	18.77	12.2	20.5	26.34
3	14.25	13.0	22.17	28.83
3	17.93	11.87	26.53	24.93
3	18.84	16.96	21.04	22.87
3	15.67	14.0	18.41	29.6
3	14.47	13.14	17.26	36.07
2	10.84	6.71	19.39	48.05
2	10.65	7.12	20.31	41.56
2	9.84	7.13	20.29	44.19
2	9.33	6.45	18.96	43.64
2	9.29	8.85	17.21	40.7
2	8.78	8.78	16.29	41.88
2	8.07	7.78	16.72	42.96
2	8.56	7.82	14.74	44.24
2	10.47	9.41	18.88	38.26
2	10.51	8.56	16.7	41.17
2	9.39	9.02	16.72	40.03
2	10.06	8.46	19.03	46.68
2	10.43	8.79	18.93	43.46
2	13.2	7.99	16.78	43.12
2	12.75	7.42	17.48	42.03
2	10.98	7.0	18.55	45.99
2	11.31	7.23	17.01	44.91
2	12.69	7.11	16.43	43.42
2	10.62	7.38	17.25	44.49
2	9.74	5.93	13.78	50.09
2	11.48	7.14	15.06	45.67
2	11.23	7.4	16.49	43.66
2	10.18	5.6	15.76	51.48
2	9.74	6.73	18.2	46.66
2	6.29	4.32	14.42	55.19
2	6.16	4.75	13.99	57.41
2	5.98	4.23	12.01	61.79
2	6.38	4.68	13.59	59.21
2	8.7	5.64	18.52	46.66
2	8.68	6.61	20.46	46.56
2	10.05	7.04	18.44	44.61
2	9.67	5.99	19.45	45.56
2	10.76	6.24	17.76	46.76
2	8.64	5.83	17.11	50.06
2	8.92	5.8	18.55	47.19
2	8.79	4.73	17.5	49.71
2	9.28	6.82	19.83	42.6
2	9.45	6.96	18.3	43.08
2	9.67	6.38	18.36	48.54
2	10.78	6.69	19.2	44.54
2	8.28	5.15	16.52	51.48
2	8.01	5.3	17.16	50.6
2	7.83	4.67	16.57	48.85
2	8.21	4.88	16.34	53.86
2	10.04	5.7	21.32	40.14
2	8.93	5.17	16.58	48.17
2	9.98	6.31	18.83	47.02
2	10.69	6.51	20.17	41.88
2	7.67	4.73	16.71	52.52
2	7.89	5.64	18.65	50.58
2	10.17	7.82	20.07	45.55
2	10.59	7.33	20.8	43.39
2	10.01	6.02	19.3	43.88
2	10.31	5.94	19.79	43.2
2	8.44	5.47	18.13	52.19
2	8.24	5.41	16.85	46.24
2	9.46	6.27	16.89	50.23
2	8.86	5.53	16.38	51.51
2	9.54	5.5	17.96	47.16
2	8.73	5.7	17.14	49.04
2	7.48	5.64	18.01	49.5
2	8.87	5.41	18.1	46.67
2	8.07	5.9	15.76	50.14
2	9.37	6.85	19.42	46.02
2	8.59	5.31	18.94	50.77
2	6.89	6.41	16.61	46.18
2	9.11	5.19	18.08	48.15
2	7.74	4.7	16.34	49.33
2	7.12	4.85	17.67	53.97
2	8.79	6.19	18.42	44.67
2	8.89	5.93	18.99	47.75
2	8.47	6.55	20.55	47.1
2	9.96	5.98	19.04	45.23
2	11.89	8.2	20.86	40.26
2	9.66	6.26	20.01	44.86
2	10.58	5.97	18.39	46.43
2	7.91	4.73	17.1	51.13
2	9.72	5.6	17.45	50.35
2	9.63	5.41	18.19	49.1
2	9.93	8.48	16.95	36.47
2	10.42	6.42	18.81	45.92
2	8.28	5.21	15.24	50.3
2	7.78	4.87	15.56	52.63
2	8.26	5.18	15.29	51.19
2	6.87	4.96	13.2	51.89
2	9.03	6.16	19.19	47.58
2	7.35	7.82	11.98	43.47
2	9.07	6.32	19.62	46.15
2	9.09	8.92	19.07	39.61
2	9.54	6.98	20.32	38.05
2	11.03	8.32	21.05	40.53
2	9.33	7.8	17.24	51.1
2	12.12	9.38	21.1	42.51
2	8.23	4.87	16.91	53.49
2	8.41	7.09	20.89	41.98
2	8.26	6.55	21.95	43.24
2	7.66	6.46	22.88	44.81
2	9.0	7.65	20.94	40.99
2	8.62	7.21	23.05	40.17
2	9.24	6.87	17.82	41.88
2	10.51	6.96	18.19	46.41
2	10.11	6.17	23.4	43.99
2	8.22	5.44	19.94	47.92
2	12.91	8.08	24.13	36.12
2	8.27	7.24	16.06	54.0
2	9.03	7.19	17.55	50.02
2	10.02	11.09	12.74	32.23
2	12.0	8.44	18.52	42.79
2	10.48	9.75	16.97	43.65
2	10.86	9.21	16.68	43.95
2	11.8	8.53	18.4	47.09
2	8.69	8.69	16.78	46.62
2	11.61	9.46	17.82	43.5
2	11.07	8.49	18.59	47.55
2	12.52	10.48	19.37	39.9
2	12.55	10.08	20.13	39.89
2	10.67	8.74	18.45	44.88
2	14.39	10.09	13.2	31.84
2	12.97	11.15	18.56	36.38
2	16.48	13.25	13.15	33.55
2	13.0	11.03	18.68	39.56
2	12.07	12.96	18.77	37.9
2	10.84	10.8	17.08	44.9
2	15.1	8.65	13.24	41.9
2	11.03	9.7	16.42	43.37
2	12.7	11.41	16.71	39.58
2	15.35	9.42	14.64	40.35
2	11.72	10.12	19.01	40.24
2	11.54	9.75	17.97	41.77
2	12.21	12.61	19.28	36.27
2	12.28	8.7	17.27	43.43
2	18.87	10.97	13.97	34.5
2	10.88	8.99	19.94	43.12
2	10.85	8.86	19.13	42.72
2	11.89	8.74	20.16	42.1
2	11.02	9.65	23.11	39.58
2	9.2	8.0	18.0	46.66
2	8.35	6.85	16.98	49.38
2	9.59	7.24	18.13	45.45
2	8.76	7.68	18.82	46.37
2	8.76	7.55	16.81	46.33
2	10.88	8.5	18.15	43.48
2	9.47	7.38	17.78	47.64
2	8.55	6.77	18.01	50.54
2	8.33	6.81	17.9	47.96
2	7.86	6.97	16.44	51.94
2	9.43	8.66	21.28	44.46
2	9.28	6.28	17.06	49.9
2	10.27	8.0	20.8	37.13
2	7.55	7.38	14.27	50.86
2	8.54	7.29	17.15	44.05
2	10.84	8.75	16.34	42.34
2	12.26	8.7	20.93	40.02
2	9.69	7.5	18.01	44.57
2	10.44	8.12	18.0	44.0
2	10.54	9.34	18.86	42.7
2	9.47	8.78	16.77	45.65
2	10.28	11.35	13.06	34.61
2	15.59	9.7	16.08	38.74
2	13.24	8.63	17.17	38.58
2	13.25	8.66	16.14	40.45
2	13.95	8.09	18.36	40.57
2	10.96	6.93	16.86	47.43
2	15.85	10.01	17.87	39.61
2	15.49	9.99	18.01	36.12
2	12.02	8.06	14.42	40.34
2	18.0	11.59	17.88	31.08
2	16.68	9.14	19.16	34.23
2	16.15	7.42	18.06	40.5
2	13.15	9.8	16.77	39.83
2	15.09	8.81	19.82	37.49
2	14.18	8.81	13.68	34.19
2	16.66	9.69	22.18	36.06
2	16.53	10.37	20.08	34.15
2	16.05	11.8	19.36	30.7
2	16.29	9.81	18.07	37.05
2	13.62	8.69	18.4	42.51
2	14.23	9.09	19.3	40.99
2	17.57	10.28	16.9	35.91
2	18.04	10.92	19.85	29.05
2	15.25	8.93	16.89	38.08
2	15.66	9.58	19.13	33.21
2	15.84	9.01	18.6	35.17
2	15.73	8.9	17.03	37.16
2	13.1	9.22	16.62	42.66
2	13.39	7.02	16.46	46.62
2	13.04	9.79	19.35	36.59
2	12.0	8.12	14.01	40.55
2	14.63	9.44	20.37	36.65
2	14.71	9.31	17.05	34.62
2	16.66	11.4	18.22	29.86
2	16.29	10.41	20.54	32.41
2	14.65	10.04	19.43	38.4
2	16.35	9.73	18.03	34.22
2	18.32	9.63	17.86	32.42
2	16.49	8.85	16.99	39.28
2	18.62	10.49	19.31	34.1
2	15.58	10.51	18.5	34.88
2	16.41	9.2	16.27	38.37
2	8.93	8.95	13.36	48.4
2	8.9	7.55	14.41	47.59
2	10.67	9.73	20.0	44.15
2	7.79	5.72	16.42	46.83
2	7.68	4.53	14.27	53.82
2	9.19	8.89	17.91	42.71
2	8.42	7.45	13.66	51.71
2	8.9	7.2	16.96	48.4
2	8.81	8.7	16.12	43.08
2	8.39	8.39	14.75	48.6
2	9.04	8.14	19.15	41.55
2	10.51	9.34	17.11	38.83
2	12.23	8.91	17.68	38.65
2	7.85	8.12	15.48	47.41
2	10.49	8.81	17.73	40.39
2	12.65	7.76	16.53	43.32
2	12.42	7.91	17.75	43.35
2	10.68	6.95	15.31	48.37
2	13.03	8.98	18.52	37.46
2	11.49	7.53	16.05	43.1
2	13.11	8.07	17.5	42.01
2	11.25	7.77	15.11	43.55
2	10.62	7.44	15.54	44.77
2	10.99	7.0	15.07	46.15
2	9.6	6.46	15.78	50.96
2	10.06	6.05	19.76	49.27
2	9.81	5.74	20.84	48.54
2	8.88	5.1	18.05	49.64
2	8.54	5.33	21.5	46.59
2	9.13	4.99	18.55	53.06
2	14.63	9.1	20.21	35.61
2	16.04	7.93	17.69	37.05
2	13.75	9.74	18.43	35.23
2	13.84	9.13	17.49	39.85
2	13.1	8.02	16.63	43.11
2	13.27	8.48	16.76	39.42
2	11.92	7.93	18.21	43.11
2	11.78	7.74	15.98	45.43
2	12.45	8.52	19.39	41.69
2	13.22	7.83	17.52	40.27
2	8.37	4.78	16.61	50.83
2	10.01	6.16	18.86	43.25
2	7.86	5.33	18.48	48.55
2	8.77	5.23	19.29	54.24
2	8.94	6.06	18.68	47.87
2	7.18	5.0	15.45	52.76
2	10.36	5.51	19.59	43.44
2	7.5	4.79	16.46	54.43
2	7.6	5.0	17.25	54.58
2	7.2	4.63	15.35	57.92
2	6.94	4.14	18.13	55.15
2	9.71	5.84	19.82	48.91
2	7.98	5.19	17.54	46.9
2	6.02	3.76	12.89	59.28
2	6.53	4.31	15.48	55.56
2	7.36	4.08	14.96	57.11
2	7.14	4.12	13.76	56.99
2	9.79	9.48	18.3	37.03
2	9.14	8.39	16.6	42.26
2	13.28	8.84	17.18	40.17
2	12.1	8.18	14.68	35.84
2	13.6	10.45	17.07	30.89
2	17.24	10.37	19.66	37.15
2	16.53	10.51	20.13	32.87
2	16.91	10.53	20.1	30.96
2	7.63	4.14	16.76	53.01
2	6.17	3.61	14.21	61.99
2	6.71	4.3	14.86	57.57
2	6.74	4.09	14.64	57.72
2	7.35	3.97	16.22	56.1
2	7.97	4.42	15.66	50.74
2	6.89	3.82	14.62	55.99
2	8.91	4.85	17.21	50.03
2	7.4	4.19	17.29	54.51
2	7.87	4.55	16.14	52.7
2	9.93	5.36	20.69	49.35
2	8.34	5.18	17.29	54.93
2	5.92	3.76	13.29	57.55
2	6.38	3.97	13.08	59.73
2	6.82	4.14	15.77	51.66
2	7.09	4.2	15.43	56.72
2	8.12	5.12	18.85	51.63
2	10.22	5.72	18.16	47.37
2	9.14	5.45	16.66	51.25
2	8.26	5.34	16.62	54.23
2	8.32	5.42	18.15	53.8
2	6.96	5.04	14.31	54.7
2	7.03	5.02	15.92	51.62
2	7.85	4.88	16.21	51.3
2	7.76	4.59	16.09	50.59
2	6.17	4.53	13.76	59.22
2	6.82	5.0	15.07	54.58
2	7.53	5.64	18.69	48.83
2	8.63	5.35	16.67	48.78
2	7.0	4.56	13.53	56.18
2	7.75	4.64	14.01	52.38
2	5.93	3.97	13.29	55.82
2	6.78	4.13	14.55	55.49
2	6.69	4.04	15.9	56.44
2	6.53	4.03	14.22	57.36
2	6.69	4.09	15.27	56.52
2	7.35	4.63	13.29	55.08
2	7.2	4.76	14.34	56.58
2	6.23	3.67	13.68	58.59
2	6.52	4.16	14.23	56.4
2	7.48	4.4	15.33	54.19
2	6.63	4.41	13.65	58.44
2	6.85	4.3	14.85	58.85
2	7.15	4.02	16.38	55.6
2	6.43	3.78	13.11	60.33
2	7.11	4.56	15.0	56.35
2	6.86	6.58	12.42	43.04
2	6.25	6.21	13.6	53.18
2	7.92	7.7	15.21	45.83
2	7.43	7.53	14.64	50.6
2	6.65	6.67	12.81	52.84
2	7.31	7.16	16.81	48.53
2	7.49	6.43	16.75	49.36
2	7.43	7.69	14.82	48.54
2	6.79	6.55	13.79	52.37
2	11.89	12.74	10.11	23.45
2	9.12	7.93	14.88	47.96
2	10.79	8.23	20.23	41.02
2	8.2	7.35	16.05	48.18
2	10.11	7.37	17.7	44.64
2	8.4	7.95	18.06	49.7
2	8.59	7.17	16.66	51.02
2	8.59	8.13	17.67	49.26
2	7.85	5.43	15.08	50.65
2	8.45	5.38	16.63	51.47
2	6.94	4.87	16.2	53.34
2	7.64	4.99	15.72	52.83
2	8.15	5.11	15.49	52.47
2	6.28	4.4	14.14	55.93
2	6.6	4.3	13.39	57.05
2	6.92	4.69	15.42	55.77
2	7.97	5.41	15.31	46.59
2	6.43	6.38	11.62	44.01
2	8.78	5.11	16.53	49.82
2	9.93	7.81	19.55	46.54
2	9.05	7.06	17.0	50.53
2	9.05	6.66	16.55	49.68
2	9.4	7.15	16.14	51.68
2	9.19	7.12	19.32	48.44
2	8.37	6.97	16.16	51.41
2	8.36	7.03	15.59	54.62
2	8.24	7.05	17.92	51.73
2	8.52	7.72	15.97	51.95
2	8.82	6.48	15.96	53.33
2	8.57	7.07	16.14	49.28
2	9.59	7.41	18.89	48.01
2	8.01	7.47	15.51	52.88
2	8.61	6.88	17.26	51.66
2	7.99	4.68	17.21	53.35
2	6.89	4.63	15.95	55.17
2	6.72	4.61	13.56	52.46
2	7.82	5.04	16.24	49.85
2	7.73	5.09	15.92	53.45
2	8.43	5.6	20.39	50.33
2	5.86	4.54	13.59	57.56
2	11.42	6.65	21.37	43.15
2	9.9	8.94	19.38	44.82
2	10.07	8.21	18.74	47.01
2	9.99	9.14	18.0	45.22
2	10.57	8.0	16.89	47.23
2	9.66	7.06	18.72	47.78
2	8.84	7.73	18.67	47.1
2	8.15	7.02	15.87	53.75
2	9.37	7.68	17.9	48.26
2	8.63	6.85	17.95	50.3
2	9.2	6.74	18.81	48.81
2	8.13	7.05	17.4	51.4
2	8.57	6.95	16.68	53.53
2	8.83	6.54	17.61	49.8
2	8.39	7.55	15.43	51.11
2	9.28	6.86	16.14	52.05
2	8.25	6.92	17.37	52.91
2	9.3	7.23	18.84	48.35
2	8.78	6.67	16.57	52.86
2	10.08	8.76	15.73	49.3
2	12.6	8.38	13.77	43.3
2	8.74	7.88	16.62	48.46
2	10.65	7.58	17.46	46.63
2	7.77	6.75	15.27	53.89
2	8.18	7.29	16.08	52.26
2	8.31	6.95	16.75	54.56
2	8.0	6.45	16.52	51.54
2	9.85	7.09	20.0	49.61
2	7.88	6.4	16.67	54.3
2	8.54	6.96	17.74	50.81
2	7.93	7.32	16.49	52.26
2	8.52	6.98	17.85	49.37
2	7.98	8.03	14.75	49.66
2	9.31	8.92	16.22	48.82
2	9.62	8.11	17.21	48.38
2	8.73	7.32	16.14	50.83
2	9.91	8.14	16.98	47.73
2	9.1	7.31	17.62	47.47
2	8.57	7.67	17.89	48.88
2	9.5	8.11	21.4	44.34
2	10.34	8.32	18.29	44.71
2	9.04	6.94	17.23	52.13
2	7.86	6.6	15.91	53.65
2	8.62	6.95	17.4	48.61
2	9.06	7.02	17.68	45.42
2	9.62	7.71	18.45	47.28
2	8.37	6.58	15.56	51.4
2	9.07	6.75	18.62	51.07
2	8.98	7.96	18.57	45.83
2	8.41	6.79	16.38	52.74
2	7.83	6.58	18.2	48.33
2	8.53	7.02	17.2	48.86
2	8.79	7.54	16.62	45.94
2	10.17	8.08	20.26	40.45
2	8.42	7.16	15.93	49.7
2	9.81	7.81	17.85	44.21
2	9.23	7.68	16.07	49.6
2	8.77	7.42	17.25	49.59
2	8.84	7.22	15.91	49.84
2	8.32	8.2	15.6	44.02
2	7.3	7.99	15.0	48.17
2	7.83	6.92	15.22	49.26
2	6.92	7.43	13.51	52.5
2	7.38	7.68	14.8	47.78
2	7.01	6.84	14.04	49.98
2	7.05	7.26	13.55	51.51
2	6.39	5.9	14.15	52.04
2	6.57	6.39	15.59	53.37
2	6.09	6.83	13.58	54.67
2	6.64	6.02	12.56	55.49
2	6.93	6.79	15.9	47.75
2	6.84	6.03	14.55	52.66
2	6.88	7.84	13.83	50.59
2	6.75	6.75	12.73	51.26
2	6.74	6.82	15.53	52.36
2	7.05	5.95	13.97	54.93
2	7.88	7.64	12.82	48.35
2	7.13	6.41	14.12	51.91
2	6.64	6.33	14.69	53.57
2	6.47	7.07	14.1	51.52
2	7.15	6.7	14.59	55.07
2	6.39	6.63	13.46	54.53
2	7.31	7.43	14.35	48.91
2	6.26	6.15	13.22	52.56
2	6.77	6.87	13.91	54.3
2	7.28	6.89	14.32	52.85
2	7.44	7.31	16.71	50.13
2	7.87	7.14	15.77	48.07
2	7.05	7.51	15.22	50.36
2	5.98	5.84	11.52	55.27
2	6.19	6.36	14.5	51.89
2	5.95	6.45	12.13	55.45
2	7.32	7.29	14.15	51.06
2	7.95	6.91	16.02	47.79
2	6.39	7.15	13.1	52.36
2	6.38	6.08	12.93	55.29
2	6.93	6.44	13.52	54.48
2	7.46	6.56	14.98	52.63
2	6.45	6.28	12.98	52.59
2	6.25	6.4	12.55	56.02
2	6.62	6.82	14.98	54.13
2	7.13	7.42	13.2	50.5
2	9.05	7.49	16.98	44.96
2	7.32	7.7	11.62	49.76
2	8.5	7.68	15.85	46.56
2	8.03	7.91	15.15	49.35
2	7.79	7.31	15.78	47.18
2	8.3	7.47	15.04	49.14
2	8.24	7.53	16.0	47.95
2	7.33	6.9	14.45	49.17
2	5.61	5.64	11.78	57.46
2	7.5	8.05	14.82	46.6
2	6.61	6.81	13.34	55.53
2	6.81	6.81	13.68	50.58
2	7.17	6.96	16.19	51.03
2	7.07	6.0	13.18	52.86
2	6.48	6.69	13.13	52.31
2	7.7	6.62	15.36	53.11
2	6.76	6.71	13.25	52.54
2	8.24	6.87	12.3	51.0
2	6.93	8.73	10.03	43.26
2	14.4	8.83	15.8	41.04
2	14.34	7.76	17.27	42.78
2	10.85	7.85	15.01	44.25
2	11.83	7.92	16.57	42.95
2	12.07	7.46	17.71	43.03
2	13.08	7.34	16.41	43.27
2	11.34	6.45	15.98	47.97
2	12.01	6.87	16.93	44.11
2	10.86	7.99	16.56	46.81
2	11.0	6.22	17.6	47.87
2	12.06	6.87	16.86	46.13
2	10.79	6.88	17.6	45.8
2	11.63	6.73	16.53	44.73
2	11.12	5.95	15.93	46.99
2	12.06	6.28	16.24	43.8
2	9.87	5.49	16.19	49.26
2	10.61	6.16	15.23	49.45
2	11.99	6.34	14.86	49.22
2	10.36	6.15	14.7	50.93
2	11.91	6.71	16.78	47.5
2	11.05	6.73	15.44	49.82
2	10.16	6.33	14.56	51.61
2	10.94	5.61	15.29	49.73
2	9.44	6.0	15.03	56.77
2	11.12	6.7	14.74	48.91
2	10.49	5.96	15.2	49.1
2	13.03	6.32	16.71	44.98
2	11.85	6.11	15.78	47.63
2	9.92	6.98	15.06	53.28
2	9.59	5.86	14.62	51.43
2	10.57	6.31	17.13	49.8
2	10.2	5.67	16.48	50.87
2	9.92	5.37	14.08	54.18
2	10.13	6.26	15.65	48.14
2	8.56	5.56	14.77	53.4
2	11.34	6.02	16.22	50.9
2	11.94	7.1	15.32	46.81
2	11.38	6.59	15.89	47.89
2	9.48	5.44	16.05	52.27
2	9.21	6.15	13.28	56.32
2	10.71	6.23	16.55	49.09
2	10.09	6.9	15.16	49.98
2	9.12	6.03	14.21	52.37
2	11.05	6.79	14.45	48.17
2	11.1	7.07	15.65	47.92
2	9.99	7.0	17.93	49.48
2	11.27	6.04	15.61	50.55
2	10.79	6.82	17.43	46.49
2	11.46	8.61	19.92	44.4
2	16.34	9.5	20.02	35.52
2	11.28	6.69	22.28	42.72
2	9.11	7.09	21.39	44.52
2	10.38	6.12	17.52	48.86
2	10.01	6.11	21.01	46.59
2	9.97	6.97	19.15	43.57
2	9.72	8.1	18.76	40.48
2	11.3	9.08	22.02	38.64
2	10.7	7.88	19.15	42.0
2	10.83	8.48	19.64	41.18
2	12.64	8.5	21.67	39.11
2	15.25	8.92	16.05	40.74
2	12.76	8.39	17.49	45.27
2	13.25	7.66	15.48	41.64
2	11.76	6.35	16.64	43.47
2	10.18	6.95	14.42	48.73
2	12.39	7.66	16.62	42.5
2	11.61	7.73	18.17	45.03
2	10.97	7.38	15.36	46.16
2	8.96	6.29	15.11	50.67
2	10.79	6.73	16.82	43.81
2	8.87	6.29	15.09	52.21
2	10.37	7.04	16.11	48.93
2	11.8	7.77	18.47	44.1
2	6.85	4.84	17.59	55.97
2	11.07	7.43	16.81	44.5
2	11.24	8.14	16.76	45.46
2	10.62	7.75	16.9	46.69
2	11.84	8.91	17.78	43.24
2	9.57	6.87	16.11	51.31
2	10.13	5.75	15.37	51.62
2	9.95	6.21	14.77	49.89
2	9.89	6.12	15.26	51.14
2	9.55	6.62	15.25	48.89
2	11.14	7.68	13.53	45.26
2	10.67	7.2	15.59	48.39
2	11.75	7.21	18.86	45.35
2	10.77	6.86	15.94	44.45
2	10.02	6.65	14.1	48.65
2	11.16	7.11	15.95	48.7
2	9.63	6.91	15.19	45.47
2	14.4	8.16	20.56	36.28
2	13.98	8.48	17.89	40.43
2	11.03	6.86	15.52	47.93
2	13.74	8.56	17.84	38.9
2	10.44	7.09	17.67	47.24
2	10.66	6.96	16.39	48.42
2	10.97	6.52	21.85	44.0
2	8.93	5.64	18.64	50.65
2	10.1	6.01	21.44	45.57
2	9.03	5.51	19.03	48.56
2	8.37	5.25	20.72	49.77
2	10.49	7.16	20.67	41.36
2	10.66	7.46	20.68	38.93
2	8.81	5.9	19.63	47.3
2	9.91	5.64	19.84	46.1
2	9.1	5.58	16.84	52.48
2	8.78	5.7	20.27	45.91
2	11.3	7.3	16.08	48.44
2	9.65	6.63	14.76	53.31
2	10.86	6.73	15.13	43.31
2	10.36	7.1	18.32	44.61
2	9.26	7.04	15.17	50.59
2	8.35	5.46	19.53	48.35
2	8.22	5.19	18.35	48.41
2	8.95	6.66	19.78	44.72
2	12.75	6.8	22.83	39.67
2	12.24	6.27	22.17	44.63
2	10.58	6.17	22.57	44.59
2	9.03	6.0	17.72	48.7
2	10.48	6.29	19.76	44.65
2	10.44	7.92	20.61	40.71
2	10.3	6.51	16.58	49.45
